DATE,CLOSE
19920430,4.8
19920601,3.7
19920630,1.1
19920731,-2.4
19920831,-0.2
19920930,-1.8
19921102,0.2
19921130,5.5
19921231,-3.9
19930201,3.0
19930301,-3.5
19930331,5.9
19930430,-1.6
19930531,0.5
19930630,-0.7
19930802,2.9
19930831,-1.6
19930930,1.0
19931101,-1.7
19931130,4.7
19931231,-2.1
19940131,2.4
19940228,3.7
19940331,-1.0
19940502,-0.4
19940531,2.8
19940630,1.6
19940801,1.7
19940831,0.0
19940930,0.6
19941031,-0.3
19941130,2.8
19950102,0.3
19950131,1.6
19950228,-1.3
19950331,2.3
19950501,-0.6
19950531,-1.0
19950630,0.9
19950731,-1.8
19950831,-0.8
19951002,3.7
19951031,3.8
19951130,-2.9
19960101,0.4
19960131,4.6
19960229,-4.6
19960401,-3.2
19960430,9.4
19960531,-4.9
19960701,4.9
19960731,0.1
19960902,-0.6
19960930,-3.8
19961031,5.2
19961202,-0.1
19961231,3.3
19970131,-4.9
19970228,-0.3
19970331,5.2
19970430,-1.6
19970602,3.9
19970630,-3.1
19970731,3.7
19970901,2.3
19970930,-0.9
19971031,0.3
19971201,0.0
19971231,7.5
19980202,-9.1
19980302,0.3
19980331,4.0
19980430,-2.4
19980601,2.3
19980630,-0.2
19980731,-4.7
19980831,-1.0
19980930,5.0
19981102,1.3
19981130,-1.6
19981231,2.2
19990201,-2.2
19990301,4.5
19990331,-0.5
19990430,-0.5
19990531,-0.9
19990630,1.6
19990802,-1.8
19990831,3.6
19990930,0.2
19991101,-0.3
19991130,3.0
19991231,-4.1
20000131,5.2
20000229,2.6
20000331,-8.7
20000501,4.5
20000531,1.5
20000630,-3.3
20000731,16.5
20000831,-13.9
20001002,-0.3
20001031,5.9
20001130,-6.9
20010101,1.7
20010131,-0.4
20010228,-6.2
20010402,1.8
20010430,1.1
20010531,-5.7
20010702,3.4
20010731,-0.8
20010831,-3.5
20011001,0.2
20011031,-3.7
20011130,4.5
20011231,-4.5
20020131,0.9
20020228,-1.6
20020401,5.3
20020430,-1.5
20020531,1.5
20020701,0.9
20020731,-4.0
20020902,5.4
20020930,1.6
20021031,-5.5
20021202,-0.3
20021231,1.9
20030131,-4.4
20030228,3.6
20030331,2.3
20030430,0.1
20030602,-2.1
20030630,1.0
20030731,1.7
20030901,-0.6
20030930,0.7
20031031,2.2
20031201,2.9
20031231,-0.4
20040202,-0.8
20040301,-2.3
20040331,2.2
20040430,6.0
20040531,-3.9
20040630,-0.3
20040802,1.1
20040831,0.8
20040930,-1.0
20041101,1.6
20041130,-1.4
20041231,4.0
20050131,-0.1
20050228,0.2
20050331,1.0
20050502,-4.2
20050531,4.3
20050630,5.8
20050801,1.3
20050831,-5.8
20050930,3.9
20051031,-0.3
20051130,2.8
20060102,6.1
20060131,-1.1
20060228,-5.6
20060331,4.8
20060501,4.6
20060531,-5.8
20060630,0.7
20060731,2.4
20060831,-4.2
20061002,-0.7
20061031,12.2
20061130,-8.1
20070101,4.1
20070131,1.6
20070228,-4.7
20070402,1.3
20070430,3.3
20070531,2.1
20070702,-2.5
20070731,0.9
20070831,3.8
20071001,-2.3
20071031,-3.2
20071130,1.5
20071231,1.4
20080131,4.5
20080229,-2.3
20080331,-1.5
20080430,-1.3
20080602,-0.4
20080630,0.1
20080731,-0.2
20080901,-2.6
20080930,-3.3
20081031,-2.5
20081201,-8.9
20081231,-4.2
20090202,-5.5
20090302,-11.8
20090331,-5.0
20090430,0.0
20090601,-0.9
20090630,4.4
20090731,-3.2
20090831,7.1
20090930,1.1
20091102,-0.4
20091130,3.3
20091231,-0.5
20100201,-1.5
20100301,14.3
20100331,-3.3
20100430,2.3
20100531,4.0
20100630,-0.6
20100802,0.1
20100831,1.6
20100930,1.4
20101101,4.2
20101130,-2.8
20101231,1.0
20110131,-0.9
20110228,5.0
20110331,-5.1
20110502,9.1
20110531,-5.2
20110630,2.6
20110801,-3.0
20110831,4.4
20110930,3.2
20111031,-3.3
20111130,0.1
20120102,4.0
20120131,4.6
20120229,-1.0
20120402,-0.4
20120430,-1.0
20120531,-0.9
20120702,-1.0
20120731,0.9
20120831,2.4
20121001,-9.9
20121031,6.4
20121130,2.0
20121231,-0.6
20130131,5.5
20130228,-5.2
20130401,5.5
20130430,-7.9
20130531,4.4
20130701,4.6
20130731,3.6
20130902,-9.7
20130930,2.0
20131031,3.9
20131202,-1.9
20131231,5.4
20140131,-3.3
20140228,-3.2
20140331,3.4
20140430,2.2
20140602,1.0
20140630,-2.2
20140731,2.1
20140901,23.0
20140930,-18.4
20141031,-1.2
20141201,-0.8
20141231,-1.7
20150202,-1.5
20150302,1.8
20150331,-3.4
20150430,6.1
20150601,-1.5
20150630,-3.4
20150731,5.0
20150831,0.9
20150930,-2.9
20151102,-2.7
20151130,4.8
20151231,-0.9
20160201,-3.9
20160229,3.7
20160331,-3.3
20160502,2.0
20160531,3.2
20160630,-2.9
20160801,-4.3
20160831,3.6
20160930,0.2
20161031,0.3
20161130,5.0
20170102,-4.7
20170131,-0.8
20170228,1.8
20170331,2.3
20170501,0.7
20170531,-0.9
20170630,-1.1
20170731,6.4
20170831,-6.8
20171002,2.1
20171031,2.2
20171130,-1.2
20180101,1.3
20180131,2.9
20180228,-3.7
20180402,3.1
20180430,1.4
20180531,-1.3
20180702,0.8
20180731,-0.1
20180831,-0.9
20181001,4.2
20181031,1.5
20181130,-4.4
20181231,0.6
20190131,1.1
20190228,0.5
20190401,-2.6
20190430,1.7
20190531,-2.8
20190701,-2.3
20190731,1.8
20190902,2.0
20191130,-2.0
20191231,2.4
20200131,-0.2
20200229,1.2
