DATE,CLOSE
19780731,494.0
19780831,1091.0
19781002,584.0
19781031,422.0
19781130,912.0
19790101,898.0
19790131,-61.0
19790228,189.0
19790402,-430.0
19790430,-980.0
19790531,1085.0
19790702,969.0
19790731,-727.0
19790831,114.0
19791001,1364.0
19791031,73.0
19791130,-252.0
19791231,645.0
19800131,-1522.0
19800229,527.0
19800331,2436.0
19800430,1303.0
19800602,594.0
19800630,-195.0
19800731,-1016.0
19800901,1828.0
19800930,2079.0
19801031,-559.0
19801201,1502.0
19801231,1492.0
19810202,2068.0
19810302,1081.0
19810331,2125.0
19810430,2756.0
19810601,2658.0
19810630,1116.0
19810731,2006.0
19810831,2178.0
19810930,1802.0
19811102,1996.0
19811130,1998.0
19811231,1346.0
19820201,-165.0
19820301,396.0
19820331,1747.0
19820430,2753.0
19820531,1682.0
19820630,2254.0
19820802,2598.0
19820831,318.0
19820930,1388.0
19821101,-236.0
19821130,1040.0
19821231,229.0
19830131,-114.0
19830228,1031.0
19830331,1050.0
19830502,1036.0
19830531,2444.0
19830630,-1231.0
19830801,1577.0
19830831,1394.0
19830930,-1840.0
19831031,-1736.0
19831130,1376.0
19840102,2343.0
19840131,-464.0
19840229,-1228.0
19840402,605.0
19840430,1382.0
19840531,357.0
19840702,2163.0
19840731,417.0
19840831,-342.0
19841001,1918.0
19841031,6563.0
19841130,-4181.0
19841231,4571.0
19850131,3838.0
19850228,9095.0
19850401,3877.0
19850430,6420.0
19850531,-3378.0
19850701,5005.0
19850731,5489.0
19850902,6988.0
19850930,8566.0
19851031,-830.0
19851202,9860.0
19851231,4103.0
19860131,10597.0
19860228,13642.0
19860331,1546.0
19860430,3728.0
19860602,13577.0
19860630,15110.0
19860731,6773.0
19860901,8130.0
19860930,4909.0
19861031,6570.0
19861201,8024.0
19861231,7850.0
19870202,267.0
19870302,6539.0
19870331,3364.0
19870430,4976.0
19870601,14445.0
19870630,1393.0
19870731,4760.0
19870831,17976.0
19870930,4733.0
19871102,2089.0
19871130,7129.0
19871231,2591.0
19880201,-1279.0
19880229,80.0
19880331,3654.0
19880502,10158.0
19880531,9786.0
19880630,6218.0
19880801,15737.0
19880831,1063.0
19880930,4293.0
19881031,1398.0
19881130,-1214.0
19890102,2172.0
19890131,11980.0
19890228,157.0
19890331,3078.0
19890501,13190.0
19890531,11343.0
19890630,2925.0
19890731,6545.0
19890831,-4008.0
19891002,1221.0
19891031,24152.0
19891130,6738.0
19900101,394.0
19900131,11284.0
19900228,1122.0
19900402,3437.0
19900430,1863.0
19900531,-21168.0
19900702,214.0
19900731,-8011.0
19900831,2217.0
19901001,7460.0
19901031,2159.0
19901130,-2632.0
19901231,-7104.0
19910131,9516.0
19910228,-391.0
19910401,2359.0
19910430,6483.0
19910531,-13484.0
19910701,3222.0
19910731,16961.0
19910902,-6809.0
19910930,875.0
19911031,1171.0
19911202,-5666.0
19911231,-3907.0
19920131,8340.0
19920302,1774.0
19920331,7672.0
19920430,6159.0
19920601,-10235.0
19920630,7584.0
19920731,-6670.0
19920831,16317.0
19920930,-7493.0
19921102,4390.0
19921130,-8153.0
19921231,2527.0
19930201,14786.0
19930301,-1515.0
19930331,-5765.0
19930430,-6986.0
19930531,2165.0
19930630,1677.0
19930802,-3103.0
19930831,-12311.0
19930930,-19355.0
19931101,7964.0
19931130,-19157.0
19931231,3735.0
19940131,20169.0
19940228,-971.0
19940331,-2042.0
19940502,10476.0
19940531,8580.0
19940630,-20353.0
19940801,23339.0
19940831,336.0
19940930,-758.0
19941031,22243.0
19941130,12442.0
19950102,1713.0
19950131,15031.0
19950228,12048.0
19950331,14470.0
19950501,17374.0
19950531,10639.0
19950630,8359.0
19950731,15214.0
19950831,22119.0
19951002,30930.0
19951031,26806.0
19951130,-13873.0
19960101,-2972.0
19960131,21083.0
19960229,-16908.0
19960401,11545.0
19960430,21994.0
19960531,4792.0
19960701,14346.0
19960731,22885.0
19960902,8356.0
19960930,43255.0
19961031,18738.0
19961202,19816.0
19961231,27734.0
19970131,27404.0
19970228,38716.0
19970331,27146.0
19970430,37324.0
19970602,23111.0
19970630,45979.0
19970731,18220.0
19970901,24168.0
19970930,11408.0
19971031,32398.0
19971201,27287.0
19971231,26797.0
19980202,21651.0
19980302,3407.0
19980331,24833.0
19980430,29853.0
19980601,22103.0
19980630,19018.0
19980731,36095.0
19980831,15123.0
19980930,12813.0
19981102,-2029.0
19981130,1731.0
19981231,27801.0
19990201,50247.0
19990301,29066.0
19990331,16415.0
19990430,11298.0
19990531,32844.0
19990630,37205.0
19990802,33524.0
19990831,42425.0
19990930,23553.0
19991101,43803.0
19991130,32521.0
19991231,13917.0
20000131,41249.0
20000229,31371.0
20000331,37914.0
20000501,51376.0
20000531,24855.0
20000630,36345.0
20000731,33752.0
20000831,33891.0
20001002,8051.0
20001031,60049.0
20001130,39962.0
20010101,43865.0
20010131,45505.0
20010228,25121.0
20010402,37367.0
20010430,53481.0
20010531,47543.0
20010702,31156.0
20010731,55299.0
20010831,33431.0
20011001,26673.0
20011031,45716.0
20011130,18001.0
20011231,60001.0
20020131,58081.0
20020228,34489.0
20020401,14683.0
20020430,24598.0
20020531,85301.0
20020701,38431.0
20020731,54733.0
20020902,52024.0
20020930,70822.0
20021031,42194.0
20021202,41967.0
20021231,42384.0
20030131,69386.0
20030228,38041.0
20030331,44590.0
20030430,24666.0
20030602,66212.0
20030630,58852.0
20030731,92993.0
20030901,65933.0
20030930,82397.0
20031031,42102.0
20031201,19742.0
20031231,19003.0
20040202,71688.0
20040301,75141.0
20040331,80511.0
20040430,54445.0
20040531,70124.0
20040630,92104.0
20040802,55111.0
20040831,80970.0
20040930,48969.0
20041101,44972.0
20041130,37273.0
20041231,47988.0
20050131,89677.0
20050228,61470.0
20050331,81818.0
20050502,75910.0
20050531,43454.0
20050630,49926.0
20050801,26858.0
20050831,74973.0
20050930,76781.0
20051031,79625.0
20051130,84307.0
20060102,103921.0
20060131,89196.0
20060228,52380.0
20060331,70981.0
20060501,93414.0
20060531,75041.0
20060630,48998.0
20060731,80950.0
20060831,83521.0
20061002,44151.0
20061031,125275.0
20061130,81705.0
20070101,89300.0
20070131,87141.0
20070228,11837.0
20070402,111359.0
20070430,66505.0
20070531,59140.0
20070702,83802.0
20070731,135752.0
20070831,108648.0
20071001,11164.0
20071031,-72882.0
20071130,13929.0
20071231,128938.0
20080131,82050.0
20080229,48212.0
20080331,51346.0
20080430,50656.0
20080602,69825.0
20080630,109551.0
20080731,73984.0
20080901,44134.0
20080930,13132.0
20081031,14758.0
20081201,59099.0
20081231,-5391.0
20090202,-27796.0
20090302,35779.0
20090331,-33085.0
20090430,24086.0
20090601,60768.0
20090630,11448.0
20090731,-17595.0
20090831,91966.0
20090930,17388.0
20091102,36380.0
20091130,41215.0
20091231,19315.0
20100201,126416.0
20100301,73721.0
20100331,15028.0
20100430,49352.0
20100531,139697.0
20100630,77631.0
20100802,31902.0
20100831,42993.0
20100930,59439.0
20101101,126487.0
20101130,75443.0
20101231,29393.0
20110131,84359.0
20110228,61305.0
20110331,48568.0
20110502,21660.0
20110531,13922.0
20110630,21746.0
20110801,21358.0
20110831,2260.0
20110930,1985.0
20111031,57926.0
20111130,76438.0
20120102,14308.0
20120131,67969.0
20120229,20908.0
20120402,112127.0
20120430,7584.0
20120531,36638.0
20120702,41276.0
20120731,90573.0
20120831,15200.0
20121001,80651.0
20121031,93797.0
20121130,7518.0
20121231,8160.0
20130131,54769.0
20130228,64621.0
20130401,27406.0
20130430,-14501.0
20130531,-29660.0
20130701,-22297.0
20130731,-25215.0
20130902,-67265.0
20130930,21461.0
20131031,-13335.0
20131202,32331.0
20131231,25667.0
20140131,-28067.0
20140228,-48037.0
20140331,3729.0
20140430,88340.0
20140602,-43738.0
20140630,-38218.0
20140731,19411.0
20140901,-19422.0
20140930,-18646.0
20141031,52068.0
20141201,160371.0
20141231,-1353.0
20150202,33526.0
20150302,39194.0
20150331,-10925.0
20150430,19691.0
20150601,4875.0
20150630,58067.0
20150731,95634.0
20150831,105297.0
20150930,10407.0
20151102,13845.0
20151130,29641.0
20151231,-14474.0
20160201,34642.0
20160229,-29201.0
20160331,-12374.0
20160502,72032.0
20160531,77317.0
20160630,-61422.0
20160801,47737.0
20160831,-8441.0
20160930,94803.0
20161031,41528.0
20161130,-31138.0
20170102,3335.0
20170131,34436.0
20170228,-12930.0
20170331,6324.0
20170501,53386.0
20170531,59767.0
20170630,1836.0
20170731,91926.0
20170831,34420.0
20171002,1224.0
20171031,73185.0
20171130,80913.0
20180101,23242.0
20180131,57523.0
20180228,27318.0
20180402,62081.0
20180430,49040.0
20180531,64871.0
20180702,93939.0
20180731,45303.0
20180831,-36447.0
20181001,66581.0
20181031,131643.0
20181130,30835.0
20181231,31915.0
20190131,32564.0
20190228,-48301.0
20190401,-3109.0
20190430,51880.0
20190531,-25725.0
20190701,46849.0
20190731,4584.0
20190902,100593.0
20191031,32470.0
20191130,22871.0
20191231,85551.0
20200131,20918.0
