DATE,CLOSE
<<<<<<< HEAD
19670228,50.6000
19670331,42.8000
19670501,41.7000
19670531,42.4000
19670630,43.2000
19670731,46.3000
19670831,47.5000
19671002,48.7000
19671031,50.4000
19671130,52.9000
19680101,50.7000
19680131,54.5000
19680229,51.2000
19680401,49.3000
19680430,53.2000
19680531,55.3000
19680701,53.6000
19680731,56.2000
19680902,53.0000
19680930,56.8000
19681031,58.7000
19681202,59.1000
19681231,61.7000
19690131,62.5000
19690228,62.1000
19690331,64.0000
19690430,63.5000
19690602,57.6000
19690630,57.6000
19690731,54.3000
19690901,56.8000
19690930,52.4000
19691031,52.0000
19691201,56.9000
19691231,50.3000
19700202,44.7000
19700302,43.2000
19700331,41.4000
19700430,38.9000
19700601,35.2000
19700630,43.5000
19700731,46.0000
19700831,46.8000
19700930,41.1000
19701102,35.4000
19701130,38.1000
19701231,36.7000
19710201,41.4000
19710301,47.4000
19710331,47.6000
19710430,49.0000
19710531,51.2000
19710630,48.1000
19710802,49.4000
19710831,51.1000
19710930,53.3000
19711101,55.8000
19711130,56.8000
19711231,58.7000
19720131,60.4000
19720229,57.9000
19720331,62.7000
19720501,62.9000
19720531,64.8000
19720630,62.1000
19720731,67.9000
19720831,66.3000
19721002,69.3000
19721031,71.6000
19721130,73.8000
19730101,74.4000
19730131,78.6000
19730228,78.1000
19730402,74.9000
19730430,75.0000
19730531,71.5000
19730702,72.6000
19730731,67.8000
19730831,69.1000
19731001,69.5000
19731031,69.4000
19731130,78.8000
19731231,76.3000
19740131,68.6000
19740228,69.6000
19740401,59.0000
19740430,63.0000
19740531,58.1000
19740701,60.4000
19740731,63.0000
19740902,57.8000
19740930,46.6000
19741031,41.0000
19741202,35.6000
19741231,25.6000
19750131,24.4000
19750228,23.9000
19750331,28.9000
19750430,33.1000
19750602,36.7000
19750630,39.4000
19750731,43.6000
19750901,51.3000
19750930,50.2000
19751031,51.0000
19751201,51.0000
19751231,51.5000
19760202,55.6000
19760301,59.5000
19760331,62.9000
19760430,60.4000
19760531,60.1000
19760630,59.2000
19760802,59.0000
19760831,60.9000
19760930,57.2000
19761101,56.3000
19761130,56.3000
19761231,57.1000
19770131,61.4000
19770228,57.4000
19770331,57.8000
19770502,57.4000
19770531,60.3000
19770630,58.5000
19770801,58.6000
19770831,56.3000
19770930,56.5000
19771031,59.8000
19771130,59.3000
19780102,64.8000
19780131,64.7000
19780228,61.3000
19780331,58.3000
19780501,62.5000
19780531,62.9000
19780630,63.0000
19780731,64.9000
19780831,61.7000
19781002,65.6000
19781031,63.7000
19781130,66.3000
19790101,63.8000
19790131,61.6000
19790228,61.3000
19790402,66.9000
19790430,63.8000
19790531,60.7000
19790702,60.3000
19790731,55.2000
19790831,44.6000
19791001,49.7000
19791031,51.1000
19791130,49.1000
19791231,47.1000
19800131,43.9000
19800229,44.9000
19800331,44.2000
19800430,35.4000
19800602,25.2000
19800630,21.4000
19800731,26.8000
19800901,37.4000
19800930,45.3000
19801031,45.2000
19801201,52.0000
19801231,51.1000
19810202,49.9000
19810302,52.1000
19810331,52.0000
19810430,52.6000
19810601,51.5000
19810630,50.8000
19810731,49.1000
19810831,50.2000
19810930,42.7000
19811102,42.2000
19811130,34.7000
19811231,33.9000
19820201,34.9000
19820301,32.2000
19820331,32.1000
19820430,33.6000
19820531,36.2000
19820630,36.6000
19820802,38.2000
19820831,35.4000
19820930,43.6000
19821101,38.7000
19821130,40.2000
19821231,41.3000
19830131,46.5000
19830228,52.8000
19830331,56.1000
19830502,55.7000
19830531,56.9000
19830630,50.7000
19830801,63.3000
19830831,68.4000
19830930,64.9000
19831031,69.1000
19831130,70.5000
19840102,74.0000
19840131,69.9000
19840229,65.0000
19840402,69.5000
19840430,69.8000
19840531,67.7000
19840702,64.6000
19840731,63.3000
19840831,56.1000
19841001,59.8000
19841031,53.7000
19841130,53.1000
19841231,51.5000
19850131,52.3000
19850228,52.6000
19850401,48.8000
19850430,57.3000
19850531,49.0000
19850701,51.0000
19850731,48.9000
19850902,50.9000
19850930,51.1000
19851031,46.9000
19851202,54.4000
19851231,54.5000
19860131,55.2000
19860228,58.0000
19860331,56.4000
19860430,54.8000
19860602,56.2000
19860630,55.9000
19860731,53.4000
19860901,55.8000
19860930,53.3000
19861031,54.6000
19861201,54.9000
19861231,55.6000
19870202,53.3000
19870302,54.7000
19870331,58.8000
19870430,58.6000
19870601,60.2000
19870630,56.7000
19870731,65.1000
19870831,66.4000
19870930,67.9000
19871102,69.5000
19871130,67.8000
19871231,69.6000
19880201,68.7000
19880229,62.3000
19880331,63.3000
19880502,56.7000
19880531,60.1000
19880630,62.6000
19880801,71.8000
19880831,64.0000
19880930,62.4000
19881031,60.6000
19881130,60.7000
19890102,59.3000
19890131,61.5000
19890228,58.9000
19890331,55.1000
19890501,54.5000
19890531,51.8000
19890630,49.7000
19890731,49.6000
19890831,45.5000
19891002,45.8000
19891031,51.0000
19891130,48.9000
19900101,49.2000
19900131,47.6000
19900228,50.5000
19900402,52.7000
19900430,53.5000
19900531,55.1000
19900702,53.1000
19900731,50.3000
19900831,48.7000
19901001,48.8000
19901031,46.2000
19901130,45.0000
19901231,43.9000
19910131,41.6000
19910228,44.8000
19910401,44.4000
19910430,41.5000
19910531,46.8000
19910701,48.1000
19910731,49.9000
19910902,54.0000
19910930,54.6000
19911031,55.2000
19911202,52.9000
19911231,49.9000
19920131,48.7000
19920302,49.3000
19920331,51.5000
19920430,53.6000
19920601,56.1000
19920630,56.4000
19920731,58.1000
19920831,58.6000
19920930,57.9000
19921102,49.8000
19921130,54.3000
19921231,58.8000
19930201,61.7000
19930301,61.7000
19930331,60.2000
19930430,54.8000
19930531,53.1000
19930630,53.7000
19930802,52.0000
19930831,52.5000
19930930,55.1000
19931101,56.3000
19931130,60.7000
19931231,60.2000
19940131,60.0000
19940228,62.2000
19940331,64.3000
19940502,66.7000
19940531,67.5000
19940630,65.4000
19940801,67.1000
19940831,64.6000
19940930,63.6000
19941031,65.2000
19941130,63.4000
19950102,63.3000
19950131,63.5000
19950228,64.8000
19950331,55.9000
19950501,56.6000
19950531,53.3000
19950630,46.6000
19950731,51.3000
19950831,49.8000
19951002,48.2000
19951031,54.8000
19951130,48.5000
19960101,55.4000
19960131,50.7000
19960229,46.3000
19960401,49.6000
19960430,50.8000
19960531,52.4000
19960701,53.3000
19960731,49.8000
19960902,57.1000
19960930,56.4000
19961031,58.0000
19961202,57.4000
19961231,58.4000
19970131,56.9000
19970228,57.5000
19970331,57.9000
19970430,57.2000
19970602,57.0000
19970630,59.9000
19970731,57.7000
19970901,62.9000
19970930,59.3000
19971031,57.6000
19971201,60.8000
19971231,59.8000
19980202,60.2000
19980302,58.5000
19980331,58.4000
19980430,57.1000
19980601,56.6000
19980630,51.0000
19980731,54.9000
19980831,50.9000
19980930,52.4000
19981102,49.4000
19981130,51.9000
19981231,52.6000
19990201,50.4000
19990301,52.1000
19990331,55.6000
19990430,61.2000
19990531,57.4000
19990630,56.5000
19990802,58.8000
19990831,58.6000
19990930,52.0000
19991101,59.1000
19991130,59.4000
19991231,56.7000
20000131,59.3000
20000229,57.2000
20000331,56.3000
20000501,55.6000
20000531,53.5000
20000630,53.4000
20000731,52.1000
20000831,47.2000
20001002,50.1000
20001031,48.0000
20001130,43.7000
20010101,45.3000
20010131,42.5000
20010228,41.6000
20010402,35.1000
20010430,39.4000
20010531,37.6000
20010702,41.4000
20010731,39.3000
20010831,43.1000
20011001,46.8000
20011031,45.2000
20011130,43.1000
20011231,42.0000
20020131,45.2000
20020228,50.7000
20020401,55.2000
20020430,55.6000
20020531,57.9000
20020701,56.4000
20020731,53.4000
20020902,53.8000
20020930,51.7000
20021031,45.9000
20021202,53.3000
20021231,53.7000
20030131,54.2000
20030228,53.7000
20030331,49.0000
20030430,47.5000
20030602,49.8000
20030630,55.0000
20030731,54.8000
20030901,59.4000
20030930,54.2000
20031031,54.8000
20031201,61.1000
20031231,62.0000
20040202,64.7000
20040301,62.3000
20040331,57.9000
20040430,64.1000
20040531,65.4000
20040630,60.9000
20040802,63.1000
20040831,59.8000
20040930,63.2000
20041101,66.8000
20041130,64.2000
20041231,61.7000
20050131,62.7000
20050228,65.9000
20050331,65.0000
20050502,65.4000
20050531,53.4000
20050630,57.0000
20050801,61.2000
20050831,52.3000
20050930,58.3000
20051031,61.7000
20051130,62.3000
20060102,60.2000
20060131,61.1000
20060228,59.5000
20060331,59.4000
20060501,57.6000
20060531,58.8000
20060630,56.5000
20060731,56.7000
20060831,56.9000
20061002,58.7000
20061031,53.9000
20061130,51.1000
20070101,51.6000
20070131,52.1000
20070228,51.2000
20070402,58.6000
20070430,54.2000
20070531,60.6000
20070702,58.3000
20070731,52.8000
20070831,52.2000
20071001,52.7000
20071031,50.8000
20071130,53.4000
20071231,55.9000
20080131,52.4000
20080229,46.7000
20080331,49.9000
20080430,48.4000
20080602,49.1000
20080630,48.9000
20080731,49.5000
20080901,55.5000
20080930,57.0000
20081031,37.8000
20081201,33.3000
20081231,33.7000
20090202,33.5000
20090302,33.9000
20090331,33.1000
20090430,38.7000
20090601,36.5000
20090630,40.3000
20090731,42.7000
20090831,49.3000
20090930,47.3000
20091102,53.9000
20091130,55.5000
20091231,56.9000
20100201,59.6000
20100301,58.3000
20100331,58.7000
20100430,60.6000
20100531,61.4000
20100630,61.3000
20100802,62.8000
20100831,60.2000
20100930,62.6000
20101101,62.0000
20101130,62.1000
20101231,65.8000
20110131,66.2000
20110228,65.4000
20110331,67.7000
20110502,64.9000
20110531,56.6000
20110630,63.3000
20110801,61.2000
20110831,60.1000
20110930,63.3000
20111031,60.3000
20111130,62.4000
20120102,61.8000
20120131,58.3000
20120229,61.6000
20120402,61.7000
20120430,57.5000
20120531,53.0000
20120702,55.2000
20120731,54.8000
20120831,54.1000
20121001,51.9000
20121031,48.3000
20121130,48.8000
20121231,51.3000
20130131,53.4000
20130228,55.7000
20130401,55.3000
20130430,50.1000
20130531,57.4000
20130701,53.2000
20130731,52.1000
20130902,53.7000
20130930,56.8000
20131031,62.1000
20131202,62.3000
20131231,59.9000
20140131,58.6000
20140228,61.3000
20140331,60.9000
20140430,63.6000
20140602,66.1000
20140630,63.1000
20140731,51.8000
20140901,63.2000
20140930,61.0000
20141031,60.9000
20141201,60.2000
20141231,57.7000
20150202,58.4000
20150302,48.1000
20150331,48.9000
20150430,53.6000
20150601,49.6000
20150630,48.4000
20150731,52.5000
20150831,53.1000
20150930,47.9000
20151102,53.5000
20151130,47.4000
20151231,42.5000
20160201,55.0000
20160229,49.3000
20160331,53.1000
20160502,50.7000
20160531,50.3000
20160630,55.5000
20160801,54.6000
20160831,51.6000
20160930,54.0000
20161031,51.8000
20161130,57.2000
20170102,53.9000
20170131,50.3000
20170228,57.4000
20170331,57.7000
20170501,58.3000
20170531,59.4000
20170630,65.7000
20170731,58.9000
20170831,58.9000
20171002,65.2000
20171031,66.2000
20171130,63.9000
20180101,67.6000
20180131,65.7000
20180228,61.9000
20180402,57.4000
20180430,58.8000
20180531,63.5000
20180702,63.8000
20180731,64.1000
20180831,63.9000
20181001,61.5000
20181031,59.4000
20181130,63.5000
20181231,63.8000
20190131,56.7000
20190228,64.7000
20190401,58.7000
20190430,52.6000
20190531,54.2000
20190701,49.7000
20190731,44.4000
20190902,50.4000
20190930,47.100020191231,48.900020200131,42.900020200228,49.000020200229,49.0000
=======
19670228,50.6
19670331,42.8
19670501,41.7
19670531,42.4
19670630,43.2
19670731,46.3
19670831,47.5
19671002,48.7
19671031,50.4
19671130,52.9
19680101,50.7
19680131,54.5
19680229,51.2
19680401,49.3
19680430,53.2
19680531,55.3
19680701,53.6
19680731,56.2
19680902,53.0
19680930,56.8
19681031,58.7
19681202,59.1
19681231,61.7
19690131,62.5
19690228,62.1
19690331,64.0
19690430,63.5
19690602,57.6
19690630,57.6
19690731,54.3
19690901,56.8
19690930,52.4
19691031,52.0
19691201,56.9
19691231,50.3
19700202,44.7
19700302,43.2
19700331,41.4
19700430,38.9
19700601,35.2
19700630,43.5
19700731,46.0
19700831,46.8
19700930,41.1
19701102,35.4
19701130,38.1
19701231,36.7
19710201,41.4
19710301,47.4
19710331,47.6
19710430,49.0
19710531,51.2
19710630,48.1
19710802,49.4
19710831,51.1
19710930,53.3
19711101,55.8
19711130,56.8
19711231,58.7
19720131,60.4
19720229,57.9
19720331,62.7
19720501,62.9
19720531,64.8
19720630,62.1
19720731,67.9
19720831,66.3
19721002,69.3
19721031,71.6
19721130,73.8
19730101,74.4
19730131,78.6
19730228,78.1
19730402,74.9
19730430,75.0
19730531,71.5
19730702,72.6
19730731,67.8
19730831,69.1
19731001,69.5
19731031,69.4
19731130,78.8
19731231,76.3
19740131,68.6
19740228,69.6
19740401,59.0
19740430,63.0
19740531,58.1
19740701,60.4
19740731,63.0
19740902,57.8
19740930,46.6
19741031,41.0
19741202,35.6
19741231,25.6
19750131,24.4
19750228,23.9
19750331,28.9
19750430,33.1
19750602,36.7
19750630,39.4
19750731,43.6
19750901,51.3
19750930,50.2
19751031,51.0
19751201,51.0
19751231,51.5
19760202,55.6
19760301,59.5
19760331,62.9
19760430,60.4
19760531,60.1
19760630,59.2
19760802,59.0
19760831,60.9
19760930,57.2
19761101,56.3
19761130,56.3
19761231,57.1
19770131,61.4
19770228,57.4
19770331,57.8
19770502,57.4
19770531,60.3
19770630,58.5
19770801,58.6
19770831,56.3
19770930,56.5
19771031,59.8
19771130,59.3
19780102,64.8
19780131,64.7
19780228,61.3
19780331,58.3
19780501,62.5
19780531,62.9
19780630,63.0
19780731,64.9
19780831,61.7
19781002,65.6
19781031,63.7
19781130,66.3
19790101,63.8
19790131,61.6
19790228,61.3
19790402,66.9
19790430,63.8
19790531,60.7
19790702,60.3
19790731,55.2
19790831,44.6
19791001,49.7
19791031,51.1
19791130,49.1
19791231,47.1
19800131,43.9
19800229,44.9
19800331,44.2
19800430,35.4
19800602,25.2
19800630,21.4
19800731,26.8
19800901,37.4
19800930,45.3
19801031,45.2
19801201,52.0
19801231,51.1
19810202,49.9
19810302,52.1
19810331,52.0
19810430,52.6
19810601,51.5
19810630,50.8
19810731,49.1
19810831,50.2
19810930,42.7
19811102,42.2
19811130,34.7
19811231,33.9
19820201,34.9
19820301,32.2
19820331,32.1
19820430,33.6
19820531,36.2
19820630,36.6
19820802,38.2
19820831,35.4
19820930,43.6
19821101,38.7
19821130,40.2
19821231,41.3
19830131,46.5
19830228,52.8
19830331,56.1
19830502,55.7
19830531,56.9
19830630,50.7
19830801,63.3
19830831,68.4
19830930,64.9
19831031,69.1
19831130,70.5
19840102,74.0
19840131,69.9
19840229,65.0
19840402,69.5
19840430,69.8
19840531,67.7
19840702,64.6
19840731,63.3
19840831,56.1
19841001,59.8
19841031,53.7
19841130,53.1
19841231,51.5
19850131,52.3
19850228,52.6
19850401,48.8
19850430,57.3
19850531,49.0
19850701,51.0
19850731,48.9
19850902,50.9
19850930,51.1
19851031,46.9
19851202,54.4
19851231,54.5
19860131,55.2
19860228,58.0
19860331,56.4
19860430,54.8
19860602,56.2
19860630,55.9
19860731,53.4
19860901,55.8
19860930,53.3
19861031,54.6
19861201,54.9
19861231,55.6
19870202,53.3
19870302,54.7
19870331,58.8
19870430,58.6
19870601,60.2
19870630,56.7
19870731,65.1
19870831,66.4
19870930,67.9
19871102,69.5
19871130,67.8
19871231,69.6
19880201,68.7
19880229,62.3
19880331,63.3
19880502,56.7
19880531,60.1
19880630,62.6
19880801,71.8
19880831,64.0
19880930,62.4
19881031,60.6
19881130,60.7
19890102,59.3
19890131,61.5
19890228,58.9
19890331,55.1
19890501,54.5
19890531,51.8
19890630,49.7
19890731,49.6
19890831,45.5
19891002,45.8
19891031,51.0
19891130,48.9
19900101,49.2
19900131,47.6
19900228,50.5
19900402,52.7
19900430,53.5
19900531,55.1
19900702,53.1
19900731,50.3
19900831,48.7
19901001,48.8
19901031,46.2
19901130,45.0
19901231,43.9
19910131,41.6
19910228,44.8
19910401,44.4
19910430,41.5
19910531,46.8
19910701,48.1
19910731,49.9
19910902,54.0
19910930,54.6
19911031,55.2
19911202,52.9
19911231,49.9
19920131,48.7
19920302,49.3
19920331,51.5
19920430,53.6
19920601,56.1
19920630,56.4
19920731,58.1
19920831,58.6
19920930,57.9
19921102,49.8
19921130,54.3
19921231,58.8
19930201,61.7
19930301,61.7
19930331,60.2
19930430,54.8
19930531,53.1
19930630,53.7
19930802,52.0
19930831,52.5
19930930,55.1
19931101,56.3
19931130,60.7
19931231,60.2
19940131,60.0
19940228,62.2
19940331,64.3
19940502,66.7
19940531,67.5
19940630,65.4
19940801,67.1
19940831,64.6
19940930,63.6
19941031,65.2
19941130,63.4
19950102,63.3
19950131,63.5
19950228,64.8
19950331,55.9
19950501,56.6
19950531,53.3
19950630,46.6
19950731,51.3
19950831,49.8
19951002,48.2
19951031,54.8
19951130,48.5
19960101,55.4
19960131,50.7
19960229,46.3
19960401,49.6
19960430,50.8
19960531,52.4
19960701,53.3
19960731,49.8
19960902,57.1
19960930,56.4
19961031,58.0
19961202,57.4
19961231,58.4
19970131,56.9
19970228,57.5
19970331,57.9
19970430,57.2
19970602,57.0
19970630,59.9
19970731,57.7
19970901,62.9
19970930,59.3
19971031,57.6
19971201,60.8
19971231,59.8
19980202,60.2
19980302,58.5
19980331,58.4
19980430,57.1
19980601,56.6
19980630,51.0
19980731,54.9
19980831,50.9
19980930,52.4
19981102,49.4
19981130,51.9
19981231,52.6
19990201,50.4
19990301,52.1
19990331,55.6
19990430,61.2
19990531,57.4
19990630,56.5
19990802,58.8
19990831,58.6
19990930,52.0
19991101,59.1
19991130,59.4
19991231,56.7
20000131,59.3
20000229,57.2
20000331,56.3
20000501,55.6
20000531,53.5
20000630,53.4
20000731,52.1
20000831,47.2
20001002,50.1
20001031,48.0
20001130,43.7
20010101,45.3
20010131,42.5
20010228,41.6
20010402,35.1
20010430,39.4
20010531,37.6
20010702,41.4
20010731,39.3
20010831,43.1
20011001,46.8
20011031,45.2
20011130,43.1
20011231,42.0
20020131,45.2
20020228,50.7
20020401,55.2
20020430,55.6
20020531,57.9
20020701,56.4
20020731,53.4
20020902,53.8
20020930,51.7
20021031,45.9
20021202,53.3
20021231,53.7
20030131,54.2
20030228,53.7
20030331,49.0
20030430,47.5
20030602,49.8
20030630,55.0
20030731,54.8
20030901,59.4
20030930,54.2
20031031,54.8
20031201,61.1
20031231,62.0
20040202,64.7
20040301,62.3
20040331,57.9
20040430,64.1
20040531,65.4
20040630,60.9
20040802,63.1
20040831,59.8
20040930,63.2
20041101,66.8
20041130,64.2
20041231,61.7
20050131,62.7
20050228,65.9
20050331,65.0
20050502,65.4
20050531,53.4
20050630,57.0
20050801,61.2
20050831,52.3
20050930,58.3
20051031,61.7
20051130,62.3
20060102,60.2
20060131,61.1
20060228,59.5
20060331,59.4
20060501,57.6
20060531,58.8
20060630,56.5
20060731,56.7
20060831,56.9
20061002,58.7
20061031,53.9
20061130,51.1
20070101,51.6
20070131,52.1
20070228,51.2
20070402,58.6
20070430,54.2
20070531,60.6
20070702,58.3
20070731,52.8
20070831,52.2
20071001,52.7
20071031,50.8
20071130,53.4
20071231,55.9
20080131,52.4
20080229,46.7
20080331,49.9
20080430,48.4
20080602,49.1
20080630,48.9
20080731,49.5
20080901,55.5
20080930,57.0
20081031,37.8
20081201,33.3
20081231,33.7
20090202,33.5
20090302,33.9
20090331,33.1
20090430,38.7
20090601,36.5
20090630,40.3
20090731,42.7
20090831,49.3
20090930,47.3
20091102,53.9
20091130,55.5
20091231,56.9
20100201,59.6
20100301,58.3
20100331,58.7
20100430,60.6
20100531,61.4
20100630,61.3
20100802,62.8
20100831,60.2
20100930,62.6
20101101,62.0
20101130,62.1
20101231,65.8
20110131,66.2
20110228,65.4
20110331,67.7
20110502,64.9
20110531,56.6
20110630,63.3
20110801,61.2
20110831,60.1
20110930,63.3
20111031,60.3
20111130,62.4
20120102,61.8
20120131,58.3
20120229,61.6
20120402,61.7
20120430,57.5
20120531,53.0
20120702,55.2
20120731,54.8
20120831,54.1
20121001,51.9
20121031,48.3
20121130,48.8
20121231,51.3
20130131,53.4
20130228,55.7
20130401,55.3
20130430,50.1
20130531,57.4
20130701,53.2
20130731,52.1
20130902,53.7
20130930,56.8
20131031,62.1
20131202,62.3
20131231,59.9
20140131,58.6
20140228,61.3
20140331,60.9
20140430,63.6
20140602,66.1
20140630,63.1
20140731,51.8
20140901,63.2
20140930,61.0
20141031,60.9
20141201,60.2
20141231,57.7
20150202,58.4
20150302,48.1
20150331,48.9
20150430,53.6
20150601,49.6
20150630,48.4
20150731,52.5
20150831,53.1
20150930,47.9
20151102,53.5
20151130,47.4
20151231,42.5
20160201,55.0
20160229,49.3
20160331,53.1
20160502,50.7
20160531,50.3
20160630,55.5
20160801,54.6
20160831,51.6
20160930,54.0
20161031,51.8
20161130,57.2
20170102,53.9
20170131,50.3
20170228,57.4
20170331,57.7
20170501,58.3
20170531,59.4
20170630,65.7
20170731,58.9
20170831,58.9
20171002,65.2
20171031,66.2
20171130,63.9
20180101,67.6
20180131,65.7
20180228,61.9
20180402,57.4
20180430,58.8
20180531,63.5
20180702,63.8
20180731,64.1
20180831,63.9
20181001,61.5
20181031,59.4
20181130,63.5
20181231,63.8
20190131,56.7
20190228,64.7
20190401,58.7
20190430,52.6
20190531,54.2
20190701,49.7
20190731,44.4
20190902,50.4
20190930,47.1
20191231,48.9
20200131,42.9
20200228,49.0
20200229,49.0
20200331,47.8
>>>>>>> b96fb0f6fe5ed9d231f2d0294de1d166ffb7d923
