DATE,CLOSE
19500331,795.0
19500501,792.0
19500531,772.0
19500630,786.0
19500731,772.0
19500831,831.0
19501002,821.0
19501031,813.0
19501130,889.0
19510101,893.0
19510131,940.0
19510228,915.0
19510402,970.0
19510430,1022.0
19510531,1080.0
19510702,1256.0
19510731,1133.0
19510831,1132.0
19511001,1234.0
19511031,1233.0
19511130,1233.0
19511231,1101.0
19520131,1273.0
19520229,1309.0
19520331,1250.0
19520430,1236.0
19520602,1281.0
19520630,1138.0
19520731,1129.0
19520901,1063.0
19520930,970.0
19521031,1012.0
19521201,1028.0
19521231,1004.0
19530202,1026.0
19530302,1016.0
19530331,1041.0
19530430,971.0
19530601,1001.0
19530630,1024.0
19530731,1008.0
19530831,998.0
19530930,1011.0
19531102,1026.0
19531130,1154.0
19531231,951.0
19540201,1035.0
19540301,1073.0
19540331,962.0
19540430,1047.0
19540531,862.0
19540630,1196.0
19540802,1087.0
19540831,1091.0
19540930,1076.0
19541101,1067.0
19541130,1056.0
19541231,1111.0
19550131,1147.0
19550228,1130.0
19550331,1168.0
19550502,1198.0
19550531,1159.0
19550630,1113.0
19550801,1132.0
19550831,1170.0
19550930,1223.0
19551031,1215.0
19551130,1235.0
19560102,1260.0
19560131,1215.0
19560229,1226.0
19560402,1289.0
19560430,1290.0
19560531,1348.0
19560702,1394.0
19560731,1413.0
19560831,1442.0
19561001,1412.0
19561031,1454.0
19561130,1586.0
19561231,1509.0
19570131,1360.0
19570228,1836.0
19570401,1653.0
19570430,1577.0
19570531,1881.0
19570701,1739.0
19570731,1560.0
19570902,1674.0
19570930,1617.0
19571031,1617.0
19571202,1605.0
19571231,1546.0
19580131,1534.0
19580228,1493.0
19580331,1423.0
19580430,1322.0
19580602,1385.0
19580630,1364.0
19580731,1379.0
19580901,1337.0
19580930,1361.0
19581031,1365.0
19581201,1354.0
19581231,1349.0
19590202,1401.0
19590302,1339.0
19590331,1314.0
19590430,1256.0
19590601,1326.0
19590630,1305.0
19590731,1320.0
19590831,1357.0
19590930,1397.0
19591102,1432.0
19591130,1528.0
19591231,1328.0
19600201,1376.0
19600229,1493.0
19600331,2048.0
19600502,2068.0
19600531,2055.0
19600630,2199.0
19600801,2216.0
19600831,2215.0
19600930,2195.0
19601031,2144.0
19601130,2145.0
19610102,2212.0
19610131,2200.0
19610228,2158.0
19610331,2116.0
19610501,2202.0
19610531,2249.0
19610630,2223.0
19610731,2164.0
19610831,2207.0
19611002,2187.0
19611031,2184.0
19611130,2158.0
19620101,2339.0
19620131,2268.0
19620228,2230.0
19620402,2222.0
19620430,2374.0
19620531,2219.0
19620702,2472.0
19620731,2432.0
19620831,2545.0
19621001,2272.0
19621031,2231.0
19621130,2420.0
19621231,2112.0
19630131,2287.0
19630228,2381.0
19630401,1603.0
19630430,2759.0
19630531,2570.0
19630701,2644.0
19630731,2616.0
19630902,2554.0
19630930,2379.0
19631031,2452.0
19631202,2504.0
19631231,2520.0
19640131,2523.0
19640302,2636.0
19640331,2693.0
19640430,2717.0
19640601,2708.0
19640630,2777.0
19640731,2772.0
19640831,2776.0
19640930,2735.0
19641102,2712.0
19641130,2854.0
19641231,2811.0
19650201,2844.0
19650301,3055.0
19650331,1910.0
19650430,2305.0
19650531,3421.0
19650630,3222.0
19650802,3115.0
19650831,3051.0
19650930,3007.0
19651101,3036.0
19651130,2998.0
19651231,3086.0
19660131,3115.0
19660228,3099.0
19660331,3006.0
19660502,3061.0
19660531,3238.0
19660630,3218.0
19660801,3318.0
19660831,3386.0
19660930,3236.0
19661031,3227.0
19661130,3269.0
19670102,3445.0
19670131,3320.0
19670228,3296.0
19670331,3549.0
19670501,3492.0
19670531,3434.0
19670630,3497.0
19670731,3438.0
19670831,3471.0
19671002,3448.0
19671031,3413.0
19671130,3444.0
19680101,3325.0
19680131,3581.0
19680229,3587.0
19680401,3753.0
19680430,3714.0
19680531,3378.0
19680701,3834.0
19680731,3719.0
19680902,3849.0
19680930,3871.0
19681031,3963.0
19681202,4224.0
19681231,3674.0
19690131,4015.0
19690228,4020.0
19690331,3122.0
19690430,3227.0
19690602,4149.0
19690630,4412.0
19690731,4362.0
19690901,4273.0
19690930,4264.0
19691031,4448.0
19691201,4423.0
19691231,4473.0
19700202,4529.0
19700302,4411.0
19700331,4484.0
19700430,4624.0
19700601,4453.0
19700630,4625.0
19700731,4876.0
19700831,4942.0
19700930,4912.0
19701102,4799.0
19701130,4761.0
19701231,4910.0
19710201,4721.0
19710301,4791.0
19710331,4950.0
19710430,5043.0
19710531,5139.0
19710630,4993.0
19710802,5108.0
19710831,5034.0
19710930,4897.0
19711101,4990.0
19711130,5811.0
19711231,4086.0
19720131,4613.0
19720229,5298.0
19720331,5565.0
19720501,5315.0
19720531,5359.0
19720630,5231.0
19720731,5293.0
19720831,5382.0
19721002,5618.0
19721031,5740.0
19721130,5720.0
19730101,5817.0
19730131,5974.0
19730228,6059.0
19730402,6481.0
19730430,6596.0
19730531,6837.0
19730702,7103.0
19730731,7170.0
19730831,7337.0
19731001,7580.0
19731031,7757.0
19731130,8135.0
19731231,8345.0
19740131,8639.0
19740228,8709.0
19740401,8901.0
19740430,9279.0
19740531,9360.0
19740701,10013.0
19740731,9551.0
19740902,10223.0
19740930,10208.0
19741031,10324.0
19741202,10304.0
19741231,10707.0
19750131,10998.0
19750228,10885.0
19750331,11649.0
19750430,10963.0
19750602,10871.0
19750630,10987.0
19750731,10519.0
19750901,11027.0
19750930,10852.0
19751031,11005.0
19751201,11080.0
19751231,11363.0
19760202,11543.0
19760301,11397.0
19760331,11298.0
19760430,11120.0
19760531,11221.0
19760630,11600.0
19760802,11795.0
19760831,11958.0
19760930,12431.0
19761101,12268.0
19761130,12283.0
19761231,12260.0
19770131,12090.0
19770228,12938.0
19770331,12175.0
19770502,12398.0
19770531,12665.0
19770630,12589.0
19770801,13165.0
19770831,12730.0
19770930,13044.0
19771031,12362.0
19771130,13708.0
19780102,12063.0
19780131,12185.0
19780228,13700.0
19780331,12769.0
19780501,12847.0
19780531,14051.0
19780630,14556.0
19780731,14711.0
19780831,15192.0
19781002,14737.0
19781031,15359.0
19781130,16356.0
19790101,16130.0
19790131,16684.0
19790228,16523.0
19790402,16502.0
19790430,16848.0
19790531,17538.0
19790702,17226.0
19790731,17344.0
19790831,18066.0
19791001,19018.0
19791031,19066.0
19791130,19155.0
19791231,20159.0
19800131,20397.0
19800229,20212.0
19800331,21085.0
19800430,20650.0
19800602,21931.0
19800630,22397.0
19800731,21477.0
19800901,22270.0
19800930,22448.0
19801031,23267.0
19801201,23009.0
19801231,23402.0
19810202,22900.0
19810302,23436.0
19810331,23463.0
19810430,24349.0
19810601,25839.0
19810630,24583.0
19810731,23696.0
19810831,24547.0
19810930,24234.0
19811102,23976.0
19811130,24496.0
19811231,23978.0
19820201,23968.0
19820301,23700.0
19820331,23928.0
19820430,23958.0
19820531,23806.0
19820630,23401.0
19820802,23520.0
19820831,24219.0
19820930,23394.0
19821101,22797.0
19821130,22654.0
19821231,21957.0
19830131,21138.0
19830228,21633.0
19830331,22641.0
19830502,21721.0
19830531,22099.0
19830630,21451.0
19830801,21011.0
19830831,22315.0
19830930,21910.0
19831031,22006.0
19831130,22681.0
19840102,22248.0
19840131,22278.0
19840229,22513.0
19840402,23659.0
19840430,22978.0
19840531,23676.0
19840702,23519.0
19840731,23977.0
19840831,23704.0
19841001,25111.0
19841031,24080.0
19841130,24167.0
19841231,24339.0
19850131,24323.0
19850228,25070.0
19850401,25456.0
19850430,23908.0
19850531,24501.0
19850701,23829.0
19850731,23464.0
19850902,23488.0
19850930,23371.0
19851031,23382.0
19851202,23691.0
19851231,23601.0
19860131,24209.0
19860228,23257.0
19860331,25518.0
19860430,25481.0
19860602,24960.0
19860630,25686.0
19860731,25947.0
19860901,26962.0
19860930,27005.0
19861031,25244.0
19861201,25556.0
19861231,27281.0
19870202,26848.0
19870302,26808.0
19870331,26355.0
19870430,27349.0
19870601,27959.0
19870630,28429.0
19870731,28290.0
19870831,29560.0
19870930,30727.0
19871102,29100.0
19871130,29924.0
19871231,30509.0
19880201,31700.0
19880229,32560.0
19880331,32475.0
19880502,33333.0
19880531,36210.0
19880630,35382.0
19880801,36724.0
19880831,35773.0
19880930,35605.0
19881031,36788.0
19881130,36898.0
19890102,37571.0
19890131,37087.0
19890228,38563.0
19890331,38559.0
19890501,38672.0
19890531,40837.0
19890630,40911.0
19890731,41031.0
19890831,41637.0
19891002,40690.0
19891031,40924.0
19891130,41172.0
19900101,42162.0
19900131,41530.0
19900228,42525.0
19900402,43315.0
19900430,43412.0
19900531,44889.0
19900702,44092.0
19900731,44559.0
19900831,45741.0
19901001,44811.0
19901031,45065.0
19901130,44819.0
19901231,47666.0
19910131,46755.0
19910228,46974.0
19910401,46963.0
19910430,46310.0
19910531,47084.0
19910701,48887.0
19910731,48694.0
19910902,48511.0
19910930,48818.0
19911031,48805.0
19911202,49106.0
19911231,51193.0
19920131,51624.0
19920302,50158.0
19920331,50251.0
19920430,51682.0
19920601,50294.0
19920630,50302.0
19920731,50044.0
19920831,51727.0
19920930,52533.0
19921102,50940.0
19921130,51984.0
19921231,53035.0
19930201,52246.0
19930301,51843.0
19930331,52568.0
19930430,52480.0
19930531,53035.0
19930630,53139.0
19930802,54229.0
19930831,52347.0
19930930,52818.0
19931101,53224.0
19931130,53648.0
19931231,55476.0
19940131,54345.0
19940228,55552.0
19940331,55159.0
19940502,53729.0
19940531,58307.0
19940630,56436.0
19940801,57342.0
19940831,58451.0
19940930,58492.0
19941031,60407.0
19941130,60715.0
19950102,59861.0
19950131,61532.0
19950228,62825.0
19950331,63118.0
19950501,63077.0
19950531,64349.0
19950630,65074.0
19950731,65755.0
19950831,64855.0
19951002,66560.0
19951031,67469.0
19951130,68943.0
19960101,68105.0
19960131,68009.0
19960229,69071.0
19960401,68299.0
19960430,69899.0
19960531,69797.0
19960701,70126.0
19960731,71029.0
19960902,71056.0
19960930,69404.0
19961031,70563.0
19961202,70553.0
19961231,73769.0
19970131,74263.0
19970228,72842.0
19970331,72910.0
19970430,75225.0
19970602,77050.0
19970630,77769.0
19970731,77883.0
19970901,78889.0
19970930,80099.0
19971031,78622.0
19971201,79287.0
19971231,79383.0
19980202,78300.0
19980302,79038.0
19980331,79008.0
19980430,77931.0
19980601,78812.0
19980630,77626.0
19980731,77147.0
19980831,76961.0
19980930,76149.0
19981102,75512.0
19981130,77179.0
19981231,79351.0
19990201,79117.0
19990301,78382.0
19990331,78033.0
19990430,77635.0
19990531,78449.0
19990630,78872.0
19990802,78939.0
19990831,79234.0
19990930,80449.0
19991101,81943.0
19991130,83163.0
19991231,83565.0
20000131,84441.0
20000229,85142.0
20000331,85646.0
20000501,86142.0
20000531,87368.0
20000630,88855.0
20000731,88017.0
20000831,90771.0
20001002,90421.0
20001031,92424.0
20001130,92347.0
20010101,91511.0
20010131,91388.0
20010228,90431.0
20010402,90331.0
20010430,90181.0
20010531,88454.0
20010702,86748.0
20010731,87256.0
20010831,85035.0
20011001,82833.0
20011031,83787.0
20011130,77367.0
20011231,77883.0
20020131,77999.0
20020228,77780.0
20020401,78920.0
20020430,78880.0
20020531,79601.0
20020701,81551.0
20020731,81724.0
20020902,82741.0
20020930,83036.0
20021031,83422.0
20021202,82744.0
20021231,82028.0
20030131,83041.0
20030228,81017.0
20030331,82110.0
20030430,82779.0
20030602,82580.0
20030630,81429.0
20030731,82172.0
20030901,84632.0
20030930,85373.0
20031031,84247.0
20031201,86224.0
20031231,88195.0
20040202,90513.0
20040301,90164.0
20040331,90056.0
20040430,93882.0
20040531,96519.0
20040630,95754.0
20040802,97259.0
20040831,94853.0
20040930,96474.0
20041101,96909.0
20041130,98277.0
20041231,99773.0
20050131,99533.0
20050228,102259.0
20050331,103059.0
20050502,103867.0
20050531,104805.0
20050630,106865.0
20050801,106231.0
20050831,106314.0
20050930,106679.0
20051031,107997.0
20051130,106885.0
20060102,109388.0
20060131,110656.0
20060228,113277.0
20060331,115061.0
20060501,115652.0
20060531,118272.0
20060630,118672.0
20060731,120599.0
20060831,122053.0
20061002,119803.0
20061031,122321.0
20061130,123562.0
20070101,125646.0
20070131,127445.0
20070228,128557.0
20070402,130079.0
20070430,128399.0
20070531,133133.0
20070702,132458.0
20070731,135183.0
20070831,136594.0
20071001,137564.0
20071031,140485.0
20071130,141276.0
20071231,144737.0
20080131,146373.0
20080229,147269.0
20080331,150167.0
20080430,152433.0
20080602,152089.0
20080630,156756.0
20080731,158799.0
20080901,163609.0
20080930,165379.0
20081031,162658.0
20081201,153586.0
20081231,151364.0
20090202,142400.0
20090302,132372.0
20090331,125294.0
20090430,127342.0
20090601,125998.0
20090630,124390.0
20090731,126221.0
20090831,128891.0
20090930,130848.0
20091102,131438.0
20091130,136142.0
20091231,140401.0
20100201,141370.0
20100301,144718.0
20100331,144013.0
20100430,145059.0
20100531,149262.0
20100630,147800.0
20100802,152502.0
20100831,152069.0
20100930,155434.0
20101101,156016.0
20101130,156896.0
20101231,162730.0
20110131,164418.0
20110228,167408.0
20110331,168932.0
20110502,167437.0
20110531,175373.0
20110630,177458.0
20110801,177451.0
20110831,175611.0
20110930,180121.0
20111031,180455.0
20111130,182398.0
20120102,181683.0
20120131,179589.0
20120229,180513.0
20120402,180073.0
20120430,182640.0
20120531,186316.0
20120702,185030.0
20120731,185070.0
20120831,185286.0
20121001,184336.0
20121031,183265.0
20121130,188647.0
20121231,182988.0
20130131,185747.0
20130228,189591.0
20130401,188751.0
20130430,190448.0
20130531,188248.0
20130701,189485.0
20130731,188438.0
20130902,191198.0
20130930,190614.0
20131031,190719.0
20131202,190791.0
20131231,194342.0
20140131,195830.0
20140228,194591.0
20140331,194756.0
20140430,193829.0
20140602,198000.0
20140630,197463.0
20140731,199767.0
20140901,198682.0
20140930,199760.0
20141031,200088.0
20141201,197974.0
20141231,200236.0
20150202,198567.0
20150302,197455.0
20150331,191968.0
20150430,189852.0
20150601,190448.0
20150630,191675.0
20150731,190361.0
20150831,190347.0
20150930,190106.0
20151102,186620.0
20151130,187550.0
20151231,185587.0
20160201,183576.0
20160229,183074.0
20160331,178807.0
20160502,180741.0
20160531,178543.0
20160630,181570.0
20160801,181297.0
20160831,182723.0
20160930,186444.0
20161031,188326.0
20161130,190210.0
20170102,186398.0
20170131,185995.0
20170228,191014.0
20170331,192512.0
20170501,192872.0
20170531,191458.0
20170630,190975.0
20170731,192021.0
20170831,194946.0
20171002,193416.0
20171031,193749.0
20171130,195928.0
20180101,195782.0
20180131,199806.0
20180228,203351.0
20180402,200948.0
20180430,205607.0
20180531,209937.0
20180702,208883.0
20180731,213341.0
20180831,210967.0
20181001,208734.0
20181031,207758.0
20181130,209747.0
20181231,210124.0
20190131,207976.0
20190228,205661.0
20190401,207026.0
20190430,209079.0
20190531,210864.0
20190701,205756.0
20190731,210321.0
20190902,206245.0
20191130,208630.0
