DATE,CLOSE
19500228,-0.4000
19500331,0.4000
19500501,0.1000
19500531,0.0000
19500630,0.5000
19500731,0.5000
19500831,0.8000
19501002,0.5000
19501031,0.6000
19501130,0.7000
19510101,0.4000
19510131,1.5000
19510228,1.6000
19510402,1.8000
19510430,0.2000
19510531,0.2000
19510702,0.3000
19510731,-0.2000
19510831,-0.1000
19511001,-0.2000
19511031,0.7000
19511130,0.5000
19511231,0.6000
19520131,0.6000
19520229,-0.1000
19520331,-0.2000
19520430,-0.1000
19520602,0.3000
19520630,0.0000
19520731,0.2000
19520901,0.6000
19520930,0.0000
19521031,-0.2000
19521201,0.2000
19521231,0.0000
19530202,0.1000
19530302,-0.3000
19530331,-0.2000
19530430,0.2000
19530601,0.2000
19530630,0.0000
19530731,0.3000
19530831,0.1000
19530930,0.2000
19531102,0.1000
19531130,0.2000
19531231,-0.4000
19540201,0.1000
19540301,0.3000
19540331,0.2000
19540430,-0.2000
19540531,-0.3000
19540630,0.3000
19540802,0.0000
19540831,-0.3000
19540930,0.0000
19541101,-0.1000
19541130,-0.3000
19541231,0.2000
19550131,0.0000
19550228,0.0000
19550331,0.2000
19550502,-0.1000
19550531,0.0000
19550630,-0.1000
19550801,-0.2000
19550831,0.2000
19550930,-0.1000
19551031,0.5000
19551130,-0.1000
19560102,0.2000
19560131,0.0000
19560229,-0.1000
19560402,0.1000
19560430,0.1000
19560531,0.1000
19560702,0.4000
19560731,0.4000
19560831,0.5000
19561001,0.1000
19561031,0.1000
19561130,0.6000
19561231,0.0000
19570131,0.4000
19570228,0.1000
19570401,0.5000
19570430,0.2000
19570531,0.3000
19570701,0.3000
19570731,0.4000
19570902,0.3000
19570930,0.3000
19571031,0.1000
19571202,0.0000
19571231,0.3000
19580131,0.2000
19580228,0.6000
19580331,0.2000
19580430,0.6000
19580602,0.2000
19580630,0.0000
19580731,-0.1000
19580901,-0.1000
19580930,0.2000
19581031,-0.1000
19581201,0.0000
19581231,0.1000
19590202,0.1000
19590302,0.1000
19590331,0.0000
19590430,-0.1000
19590601,0.0000
19590630,0.2000
19590731,0.2000
19590831,0.1000
19590930,0.1000
19591102,0.2000
19591130,0.3000
19591231,0.0000
19600201,0.2000
19600229,-0.1000
19600331,0.1000
19600502,0.0000
19600531,0.4000
19600630,0.1000
19600801,0.1000
19600831,-0.2000
19600930,0.2000
19601031,0.0000
19601130,0.5000
19610102,0.1000
19610131,0.1000
19610228,0.1000
19610331,0.0000
19610501,0.0000
19610531,-0.1000
19610630,0.1000
19610731,0.0000
19610831,0.3000
19611002,0.1000
19611031,0.1000
19611130,0.0000
19620101,0.0000
19620131,0.1000
19620228,0.1000
19620402,0.2000
19620430,0.2000
19620531,0.1000
19620702,0.1000
19620731,-0.1000
19620831,0.0000
19621001,0.2000
19621031,0.5000
19621130,-0.1000
19621231,0.0000
19630131,0.0000
19630228,0.2000
19630401,0.1000
19630430,0.1000
19630531,-0.1000
19630701,0.1000
19630731,0.3000
19630902,0.3000
19630930,0.2000
19631031,-0.1000
19631202,0.1000
19631231,0.1000
19640131,0.3000
19640302,0.2000
19640331,-0.1000
19640430,0.1000
19640601,0.0000
19640630,0.1000
19640731,0.1000
19640831,0.0000
19640930,0.1000
19641102,0.1000
19641130,0.1000
19641231,0.3000
19650201,0.1000
19650301,0.1000
19650331,0.0000
19650430,0.1000
19650531,0.2000
19650630,0.3000
19650802,0.4000
19650831,-0.1000
19650930,-0.1000
19651101,0.2000
19651130,0.1000
19651231,0.3000
19660131,0.3000
19660228,0.1000
19660331,0.6000
19660502,0.3000
19660531,0.3000
19660630,0.2000
19660801,0.1000
19660831,0.2000
19660930,0.6000
19661031,0.3000
19661130,0.3000
19670102,0.1000
19670131,0.1000
19670228,-0.1000
19670331,0.3000
19670501,0.0000
19670531,0.3000
19670630,0.0000
19670731,0.6000
19670831,0.3000
19671002,0.3000
19671031,0.3000
19671130,0.3000
19680101,0.6000
19680131,0.3000
19680229,0.3000
19680401,0.3000
19680430,0.3000
19680531,0.3000
19680701,0.3000
19680731,0.6000
19680902,0.6000
19680930,0.3000
19681031,0.3000
19681202,0.6000
19681231,0.3000
19690131,0.6000
19690228,0.3000
19690331,0.3000
19690430,0.8000
19690602,0.6000
19690630,0.3000
19690731,0.5000
19690901,0.5000
19690930,0.3000
19691031,0.5000
19691201,0.5000
19691231,0.5000
19700202,0.5000
19700302,0.5000
19700331,0.5000
19700430,0.5000
19700601,0.5000
19700630,0.3000
19700731,0.5000
19700831,0.3000
19700930,0.3000
19701102,0.5000
19701130,0.5000
19701231,0.5000
19710201,0.5000
19710301,0.3000
19710331,0.0000
19710430,0.3000
19710531,0.2000
19710630,0.5000
19710802,0.5000
19710831,0.2000
19710930,0.2000
19711101,0.2000
19711130,0.2000
19711231,0.2000
19720131,0.2000
19720229,0.2000
19720331,0.5000
19720501,0.0000
19720531,0.2000
19720630,0.2000
19720731,0.2000
19720831,0.2000
19721002,0.2000
19721031,0.5000
19721130,0.2000
19730101,0.5000
19730131,0.2000
19730228,0.5000
19730402,0.7000
19730430,0.9000
19730531,0.7000
19730702,0.5000
19730731,0.7000
19730831,0.0000
19731001,1.8000
19731031,0.4000
19731130,0.9000
19731231,0.7000
19740131,0.9000
19740228,1.1000
19740401,1.1000
19740430,1.1000
19740531,0.6000
19740701,1.0000
19740731,0.8000
19740902,0.6000
19740930,1.2000
19741031,1.4000
19741202,0.8000
19741231,1.0000
19750131,0.8000
19750228,0.8000
19750331,0.6000
19750430,0.4000
19750602,0.4000
19750630,0.2000
19750731,0.8000
19750901,0.9000
19750930,0.4000
19751031,0.7000
19751201,0.5000
19751231,0.7000
19760202,0.5000
19760301,0.4000
19760331,0.2000
19760430,0.2000
19760531,0.2000
19760630,0.5000
19760802,0.5000
19760831,0.5000
19760930,0.5000
19761101,0.5000
19761130,0.5000
19761231,0.3000
19770131,0.5000
19770228,0.5000
19770331,1.0000
19770502,0.5000
19770531,0.7000
19770630,0.3000
19770801,0.5000
19770831,0.5000
19770930,0.5000
19771031,0.3000
19771130,0.5000
19780102,0.6000
19780131,0.5000
19780228,0.6000
19780331,0.5000
19780501,0.6000
19780531,0.8000
19780630,0.9000
19780731,0.8000
19780831,0.8000
19781002,0.6000
19781031,0.9000
19781130,0.9000
19790101,0.6000
19790131,0.6000
19790228,0.9000
19790402,1.0000
19790430,1.0000
19790531,1.0000
19790702,1.1000
19790731,1.1000
19790831,1.1000
19791001,1.0000
19791031,0.9000
19791130,1.1000
19791231,1.1000
19800131,1.2000
19800229,1.4000
19800331,1.3000
19800430,1.4000
19800602,1.0000
19800630,1.0000
19800731,1.0000
19800901,0.1000
19800930,0.7000
19801031,0.8000
19801201,1.0000
19801231,1.1000
19810202,0.9000
19810302,0.9000
19810331,0.9000
19810430,0.7000
19810601,0.6000
19810630,0.7000
19810731,0.9000
19810831,1.1000
19810930,0.8000
19811102,1.0000
19811130,0.3000
19811231,0.4000
19820201,0.3000
19820301,0.3000
19820331,0.3000
19820430,0.0000
19820531,0.3000
19820630,0.9000
19820802,1.1000
19820831,0.5000
19820930,0.2000
19821101,0.0000
19821130,0.4000
19821231,-0.1000
19830131,-0.3000
19830228,0.2000
19830331,0.1000
19830502,0.1000
19830531,0.7000
19830630,0.4000
19830801,0.2000
19830831,0.4000
19830930,0.3000
19831031,0.3000
19831130,0.4000
19840102,0.3000
19840131,0.3000
19840229,0.7000
19840402,0.5000
19840430,0.3000
19840531,0.4000
19840702,0.2000
19840731,0.2000
19840831,0.4000
19841001,0.3000
19841031,0.3000
19841130,0.4000
19841231,0.2000
19850131,0.2000
19850228,0.2000
19850401,0.6000
19850430,0.5000
19850531,0.2000
19850701,0.2000
19850731,0.3000
19850902,0.2000
19850930,0.2000
19851031,0.2000
19851202,0.4000
19851231,0.5000
19860131,0.5000
19860228,0.4000
19860331,-0.2000
19860430,-0.5000
19860602,-0.4000
19860630,0.3000
19860731,0.4000
19860901,0.1000
19860930,0.1000
19861031,0.4000
19861201,0.2000
19861231,0.2000
19870202,0.4000
19870302,0.5000
19870331,0.4000
19870430,0.4000
19870601,0.4000
19870630,0.3000
19870731,0.4000
19870831,0.3000
19870930,0.4000
19871102,0.3000
19871130,0.3000
19871231,0.3000
19880201,0.2000
19880229,0.3000
19880331,0.2000
19880502,0.3000
19880531,0.6000
19880630,0.3000
19880801,0.4000
19880831,0.4000
19880930,0.4000
19881031,0.4000
19881130,0.3000
19890102,0.3000
19890131,0.3000
19890228,0.4000
19890331,0.3000
19890501,0.5000
19890531,0.7000
19890630,0.5000
19890731,0.3000
19890831,0.3000
19891002,0.0000
19891031,0.2000
19891130,0.5000
19900101,0.4000
19900131,0.3000
19900228,1.0000
19900402,0.4000
19900430,0.5000
19900531,0.2000
19900702,0.2000
19900731,0.6000
19900831,0.5000
19901001,0.8000
19901031,0.7000
19901130,0.7000
19901231,0.2000
19910131,0.4000
19910228,0.4000
19910401,0.1000
19910430,0.0000
19910531,0.2000
19910701,0.4000
19910731,0.3000
19910902,0.1000
19910930,0.3000
19911031,0.3000
19911202,0.1000
19911231,0.4000
19920131,0.3000
19920302,0.1000
19920331,0.2000
19920430,0.4000
19920601,0.2000
19920630,0.2000
19920731,0.3000
19920831,0.3000
19920930,0.2000
19921102,0.2000
19921130,0.4000
19921231,0.3000
19930201,0.1000
19930301,0.4000
19930331,0.2000
19930430,0.1000
19930531,0.3000
19930630,0.3000
19930802,0.1000
19930831,0.1000
19930930,0.2000
19931101,0.1000
19931130,0.4000
19931231,0.3000
19940131,0.2000
19940228,0.0000
19940331,0.3000
19940502,0.3000
19940531,0.1000
19940630,0.2000
19940801,0.3000
19940831,0.3000
19940930,0.4000
19941031,0.2000
19941130,0.1000
19950102,0.3000
19950131,0.2000
19950228,0.3000
19950331,0.3000
19950501,0.2000
19950531,0.4000
19950630,0.2000
19950731,0.2000
19950831,0.1000
19951002,0.2000
19951031,0.1000
19951130,0.3000
19960101,0.1000
19960131,0.1000
19960229,0.5000
19960401,0.2000
19960430,0.3000
19960531,0.4000
19960701,0.2000
19960731,0.2000
19960902,0.2000
19960930,0.1000
19961031,0.3000
19961202,0.3000
19961231,0.3000
19970131,0.3000
19970228,0.2000
19970331,0.2000
19970430,0.1000
19970602,0.1000
19970630,0.0000
19970731,0.2000
19970901,0.1000
19970930,0.2000
19971031,0.2000
19971201,0.2000
19971231,0.1000
19980202,0.1000
19980302,0.1000
19980331,0.0000
19980430,0.0000
19980601,0.1000
19980630,0.2000
19980731,0.1000
19980831,0.2000
19980930,0.1000
19981102,0.1000
19981130,0.2000
19981231,0.1000
19990201,0.2000
19990301,0.2000
19990331,0.0000
19990430,0.1000
19990531,0.7000
19990630,0.1000
19990802,0.0000
19990831,0.4000
19990930,0.2000
19991101,0.4000
19991130,0.2000
19991231,0.2000
20000131,0.2000
20000229,0.3000
20000331,0.4000
20000501,0.6000
20000531,-0.1000
20000630,0.2000
20000731,0.6000
20000831,0.3000
20001002,0.0000
20001031,0.5000
20001130,0.2000
20010101,0.2000
20010131,0.2000
20010228,0.6000
20010402,0.2000
20010430,0.1000
20010531,0.2000
20010702,0.5000
20010731,0.2000
20010831,-0.2000
20011001,0.0000
20011031,0.4000
20011130,-0.3000
20011231,-0.1000
20020131,-0.1000
20020228,0.2000
20020401,0.2000
20020430,0.3000
20020531,0.4000
20020701,0.1000
20020731,0.1000
20020902,0.2000
20020930,0.3000
20021031,0.2000
20021202,0.2000
20021231,0.2000
20030131,0.2000
20030228,0.4000
20030331,0.5000
20030430,0.2000
20030602,-0.4000
20030630,-0.2000
20030731,0.1000
20030901,0.3000
20030930,0.4000
20031031,0.3000
20031201,-0.1000
20031231,0.0000
20040202,0.3000
20040301,0.4000
20040331,0.2000
20040430,0.2000
20040531,0.2000
20040630,0.4000
20040802,0.4000
20040831,0.1000
20040930,0.1000
20041101,0.3000
20041130,0.5000
20041231,0.5000
20050131,0.0000
20050228,-0.1000
20050331,0.4000
20050502,0.4000
20050531,0.3000
20050630,-0.1000
20050801,0.1000
20050831,0.6000
20050930,0.6000
20051031,1.4000
20051130,0.2000
20060102,-0.5000
20060131,0.0000
20060228,0.6000
20060331,0.1000
20060501,0.2000
20060531,0.5000
20060630,0.3000
20060731,0.2000
20060831,0.5000
20061002,0.4000
20061031,-0.5000
20061130,-0.4000
20070101,0.0000
20070131,0.5000
20070228,0.2000
20070402,0.4000
20070430,0.5000
20070531,0.3000
20070702,0.4000
20070731,0.2000
20070831,0.2000
20071001,0.0000
20071031,0.4000
20071130,0.3000
20071231,0.8000
20080131,0.3000
20080229,0.3000
20080331,0.2000
20080430,0.4000
20080602,0.2000
20080630,0.6000
20080731,1.0000
20080901,0.7000
20080930,-0.1000
20081031,0.1000
20081201,-0.9000
20081231,-1.8000
20090202,-0.8000
20090302,0.3000
20090331,0.4000
20090430,-0.1000
20090601,0.1000
20090630,0.1000
20090731,0.8000
20090831,0.0000
20090930,0.3000
20091102,0.2000
20091130,0.3000
20091231,0.3000
20100201,0.1000
20100301,0.1000
20100331,-0.1000
20100430,0.0000
20100531,0.0000
20100630,-0.1000
20100802,0.0000
20100831,0.2000
20100930,0.1000
20101101,0.2000
20101130,0.3000
20101231,0.3000
20110131,0.4000
20110228,0.3000
20110331,0.3000
20110502,0.5000
20110531,0.5000
20110630,0.3000
20110801,0.0000
20110831,0.3000
20110930,0.3000
20111031,0.2000
20111130,0.1000
20120102,0.2000
20120131,0.0000
20120229,0.3000
20120402,0.2000
20120430,0.2000
20120531,0.2000
20120702,-0.2000
20120731,-0.1000
20120831,0.0000
20121001,0.6000
20121031,0.5000
20121130,0.3000
20121231,-0.2000
20130131,0.0000
20130228,0.2000
20130401,0.6000
20130430,-0.3000
20130531,-0.2000
20130701,0.1000
20130731,0.2000
20130902,0.2000
20130930,0.2000
20131031,0.1000
20131202,0.0000
20131231,0.2000
20140131,0.3000
20140228,0.3000
20140331,0.1000
20140430,0.1000
20140602,0.2000
20140630,0.2000
20140731,0.1000
20140901,0.2000
20140930,-0.1000
20141031,0.1000
20141201,0.0000
20141231,-0.2000
20150202,-0.3000
20150302,-0.6000
20150331,0.2000
20150430,0.2000
20150601,0.1000
20150630,0.3000
20150731,0.2000
20150831,0.2000
20150930,0.0000
20151102,-0.1000
20151130,0.1000
20151231,0.2000
20160201,-0.1000
20160229,0.1000
20160331,-0.1000
20160502,0.1000
20160531,0.3000
20160630,0.2000
20160801,0.2000
20160831,0.0000
20160930,0.2000
20161031,0.3000
20161130,0.3000
20170102,0.2000
20170131,0.3000
20170228,0.6000
20170331,0.1000
20170501,-0.3000
20170531,0.2000
20170630,-0.1000
20170731,0.0000
20170831,0.1000
20171002,0.4000
20171031,0.5000
20171130,0.1000
20180101,0.4000
20180131,0.1000
20180228,0.5000
20180402,0.2000
20180430,0.1000
20180531,0.2000
20180702,0.3000
20180731,0.2000
20180831,0.2000
20181001,0.1000
20181031,0.1000
20181130,0.3000
20181231,0.0000
20190131,0.0000
20190228,0.0000
20190401,0.2000
20190430,0.4000
20190531,0.3000
20190701,0.1000
20190731,0.1000
20190902,0.3000
20191130,0.300020191231,0.2000