DATE,CLOSE
19680531,32.2
19680701,18.4
19680731,33.3
19680902,-3.9
19680930,9.5
19681031,6.8
19681202,13.2
19681231,23.5
19690131,-11.3
19690228,16.8
19690331,27.8
19690430,18.1
19690602,12.7
19690630,18.5
19690731,-1.1
19690901,8.0
19690930,-1.6
19691031,12.1
19691201,-3.4
19691231,-7.9
19700202,-13.1
19700302,-18.1
19700331,-31.2
19700430,-16.9
19700601,-21.5
19700630,-8.4
19700731,7.0
19700831,6.9
19700930,14.0
19701102,3.7
19701130,6.4
19701231,10.2
19710201,28.9
19710301,39.0
19710331,33.3
19710430,37.4
19710531,39.2
19710630,31.3
19710802,25.5
19710831,22.8
19710930,35.9
19711101,39.3
19711130,32.1
19711231,30.4
19720131,34.2
19720229,30.9
19720331,39.5
19720501,28.2
19720531,35.8
19720630,34.1
19720731,33.1
19720831,35.2
19721002,32.9
19721031,39.2
19721130,47.2
19730101,49.1
19730131,47.8
19730228,40.5
19730402,58.5
19730430,53.6
19730531,36.6
19730702,30.4
19730731,24.8
19730831,18.5
19731001,-0.3
19731031,9.8
19731130,15.4
19731231,8.0
19740131,-12.9
19740228,-13.2
19740401,-12.5
19740430,-11.9
19740531,-9.2
19740701,-8.7
19740731,-8.4
19740902,-16.9
19740930,-7.4
19741031,-26.1
19741202,-31.8
19741231,-57.9
19750131,-44.7
19750228,-25.5
19750331,-28.4
19750430,-28.1
19750602,-18.3
19750630,-6.4
19750731,13.7
19750901,28.0
19750930,32.6
19751031,35.3
19751201,44.2
19751231,33.1
19760202,10.8
19760301,20.7
19760331,36.2
19760430,43.2
19760531,37.7
19760630,32.7
19760802,28.0
19760831,19.6
19760930,22.1
19761101,22.2
19761130,13.8
19761231,13.6
19770131,31.5
19770228,34.9
19770331,33.2
19770502,44.4
19770531,30.3
19770630,27.6
19770801,21.5
19770831,20.1
19770930,11.2
19771031,15.9
19771130,18.2
19780102,30.6
19780131,20.6
19780228,11.3
19780331,8.9
19780501,18.4
19780531,27.6
19780630,23.2
19780731,17.9
19780831,27.7
19781002,17.9
19781031,21.0
19781130,14.4
19790101,8.5
19790131,4.1
19790228,-1.5
19790402,5.8
19790430,-3.4
19790531,-1.6
19790702,-4.2
19790731,-13.2
19790831,-17.8
19791001,-24.4
19791031,-28.6
19791130,-20.0
19791231,-15.6
19800131,-18.4
19800229,-20.9
19800331,-19.0
19800430,-37.1
19800602,-53.0
19800630,-54.8
19800731,-57.1
19800901,-39.4
19800930,-10.3
19801031,24.7
19801201,9.0
19801231,7.4
19810202,2.1
19810302,5.2
19810331,7.8
19810430,-1.2
19810601,9.0
19810630,-2.2
19810731,5.5
19810831,16.8
19810930,7.5
19811102,-13.2
19811130,-25.7
19811231,-34.5
19820201,-19.8
19820301,-15.3
19820331,-15.6
19820430,-3.2
19820531,-4.6
19820630,2.2
19820802,2.8
19820831,-3.2
19820930,-13.6
19821101,10.9
19821130,2.3
19821231,14.7
19830131,12.5
19830228,20.1
19830331,32.8
19830502,37.2
19830531,37.6
19830630,42.3
19830801,49.5
19830831,41.5
19830930,40.7
19831031,35.5
19831130,45.1
19840102,40.9
19840131,47.0
19840229,25.7
19840402,35.6
19840430,36.9
19840531,31.7
19840702,27.7
19840731,1.4
19840831,23.7
19841001,22.3
19841031,15.5
19841130,2.7
19841231,2.0
19850131,5.5
19850228,10.9
19850401,31.0
19850430,10.0
19850531,8.0
19850701,-2.4
19850731,11.5
19850902,6.9
19850930,2.3
19851031,6.2
19851202,19.7
19851231,13.5
19860131,22.4
19860228,19.8
19860331,14.0
19860430,3.2
19860602,1.9
19860630,2.8
19860731,11.8
19860901,6.8
19860930,10.6
19861031,9.1
19861201,16.4
19861231,22.8
19870202,5.8
19870302,9.3
19870331,5.6
19870430,14.2
19870601,19.7
19870630,13.0
19870731,15.5
19870831,30.1
19870930,26.3
19871102,27.2
19871130,11.8
19871231,29.9
19880201,3.5
19880229,18.3
19880331,12.8
19880502,26.8
19880531,17.8
19880630,17.4
19880801,23.7
19880831,15.2
19880930,25.6
19881031,27.2
19881130,27.2
19890102,22.7
19890131,28.2
19890228,20.1
19890331,17.9
19890501,4.1
19890531,-10.2
19890630,-7.6
19890731,-16.9
19890831,-9.5
19891002,-5.4
19891031,-7.0
19891130,-4.2
19900101,-2.1
19900131,-7.5
19900228,-22.1
19900402,-21.8
19900430,-9.0
19900531,-16.5
19900702,-8.6
19900731,-18.1
19900831,-18.2
19901001,-43.4
19901031,-48.2
19901130,-27.1
19901231,-37.1
19910131,-32.0
19910228,-22.2
19910401,-11.6
19910430,-6.5
19910531,3.9
19910701,13.0
19910731,19.9
19910902,27.0
19910930,20.0
19911031,9.5
19911202,1.3
19911231,-18.8
19920131,-2.2
19920302,0.6
19920331,15.0
19920430,20.0
19920601,17.0
19920630,15.0
19920731,27.5
19920831,16.7
19920930,21.0
19921102,-4.8
19921130,18.2
19921231,25.4
19930201,31.1
19930301,34.3
19930331,16.2
19930430,23.3
19930531,14.8
19930630,3.5
19930802,-3.2
19930831,-0.3
19930930,7.3
19931101,8.9
19931130,18.9
19931231,41.4
19940131,27.2
19940228,21.3
19940331,19.8
19940502,16.8
19940531,22.1
19940630,25.0
19940801,17.7
19940831,18.5
19940930,18.4
19941031,26.1
19941130,24.7
19950102,23.3
19950131,8.8
19950228,9.2
19950331,2.0
19950501,-11.2
19950531,-8.5
19950630,-20.7
19950731,-20.3
19950831,1.2
19951002,26.2
19951031,21.7
19951130,5.5
19960101,19.6
19960131,-14.7
19960229,4.8
19960401,-3.5
19960430,21.3
19960531,19.6
19960701,21.0
19960731,29.4
19960902,13.8
19960930,12.9
19961031,8.2
19961202,11.1
19961231,8.1
19970131,12.8
19970228,16.9
19970331,13.4
19970430,6.5
19970602,1.1
19970630,18.0
19970731,20.2
19970901,17.2
19970930,19.1
19971031,19.3
19971201,19.8
19971231,15.6
19980202,18.6
19980302,13.2
19980331,10.5
19980430,8.7
19980601,13.2
19980630,24.1
19980731,8.3
19980831,10.4
19980930,-14.2
19981102,3.5
19981130,-4.7
19981231,4.6
19990201,13.7
19990301,15.1
19990331,4.3
19990430,20.6
19990531,13.1
19990630,5.8
19990802,9.8
19990831,13.8
19990930,13.9
19991101,16.0
19991130,20.9
19991231,14.2
20000131,11.2
20000229,14.6
20000331,19.4
20000501,10.0
20000531,13.9
20000630,2.6
20000731,4.7
20000831,17.3
20001002,5.5
20001031,1.8
20001130,7.1
20010101,-7.8
20010131,-36.6
20010228,-29.4
20010402,-20.8
20010430,-10.8
20010531,-11.8
20010702,-7.0
20010731,-12.6
20010831,-18.1
20011001,-8.2
20011031,-23.6
20011130,-17.7
20011231,-11.0
20020131,10.5
20020228,11.0
20020401,12.3
20020430,12.6
20020531,10.1
20020701,20.4
20020731,5.9
20020902,-1.3
20020930,4.4
20021031,-7.6
20021202,7.4
20021231,7.2
20030131,5.5
20030228,-1.6
20030331,-3.9
20030430,-6.7
20030602,-0.6
20030630,3.7
20030731,7.7
20030901,20.3
20030930,20.7
20031031,28.3
20031201,26.9
20031231,26.5
20040202,36.1
20040301,27.8
20040331,29.6
20040430,32.3
20040531,29.0
20040630,30.6
20040802,34.7
20040831,25.0
20040930,19.6
20041101,26.9
20041130,19.2
20041231,25.5
20050131,13.4
20050228,21.1
20050331,15.1
20050502,25.3
20050531,9.3
20050630,-1.3
20050801,8.1
20050831,11.2
20050930,7.1
20051031,4.8
20051130,10.3
20060102,12.9
20060131,5.4
20060228,15.3
20060331,14.7
20060501,14.2
20060531,13.7
20060630,11.7
20060731,4.0
20060831,12.5
20061002,-0.8
20061031,2.3
20061130,4.5
20070101,-1.8
20070131,7.5
20070228,3.5
20070402,2.8
20070430,2.9
20070531,3.7
20070702,17.3
20070731,6.8
20070831,-0.5
20071001,7.5
20071031,7.8
20071130,6.7
20071231,-5.4
20080131,-18.4
20080229,-20.3
20080331,-14.7
20080430,-21.2
20080602,-16.1
20080630,-16.8
20080731,-16.2
20080901,-17.6
20080930,2.0
20081031,-37.5
20081201,-40.9
20081231,-37.6
20090202,-31.0
20090302,-39.6
20090331,-34.4
20090430,-25.3
20090601,-22.4
20090630,0.3
20090731,-6.6
20090831,8.9
20090930,14.9
20091102,12.6
20091130,15.4
20091231,16.6
20100201,12.9
20100301,14.0
20100331,14.3
20100430,16.0
20100531,22.2
20100630,15.1
20100802,7.8
20100831,3.7
20100930,4.0
20101101,0.3
20101130,19.2
20101231,15.5
20110131,16.5
20110228,29.0
20110331,36.5
20110502,12.9
20110531,6.2
20110630,-0.3
20110801,7.2
20110831,-19.4
20110930,-11.5
20111031,6.2
20111130,4.0
20120102,2.4
20120131,7.4
20120229,10.7
20120402,8.9
20120430,5.6
20120531,-0.7
20120702,-12.4
20120731,-12.6
20120831,-2.3
20121001,-0.9
20121031,-1.2
20121130,-10.6
20121231,2.4
20130131,-1.6
20130228,-4.8
20130401,2.3
20130430,0.6
20130531,0.5
20130701,12.9
20130731,15.9
20130902,8.4
20130930,19.2
20131031,12.9
20131202,4.4
20131231,3.2
20140131,14.9
20140228,3.3
20140331,13.4
20140430,17.5
20140602,19.3
20140630,14.3
20140731,20.7
20140901,23.0
20140930,20.4
20141031,17.7
20141201,34.8
20141231,20.3
20150202,12.5
20150302,12.5
20150331,8.6
20150430,10.4
20150601,8.2
20150630,8.1
20150731,2.9
20150831,5.4
20150930,-4.8
20151102,-4.9
20151130,-4.3
20151231,-11.3
20160201,-5.3
20160229,-3.8
20160331,10.6
20160502,-1.2
20160531,-1.5
20160630,4.1
20160801,-0.9
20160831,4.3
20160930,11.6
20161031,11.1
20161130,8.7
20170102,19.7
20170131,23.6
20170228,43.3
20170331,32.8
20170501,22.0
20170531,38.8
20170630,27.6
20170731,19.5
20170831,18.9
20171002,23.8
20171031,27.9
20171130,22.7
20180101,26.2
20180131,22.2
20180228,25.8
20180402,22.3
20180430,23.4
20180531,32.3
20180702,20.8
20180731,24.3
20180831,13.0
20181001,21.4
20181031,19.7
20181130,11.9
20181231,9.1
20190131,17.0
20190228,-4.1
20190401,13.7
20190430,8.5
20190531,16.6
20190701,0.3
20190731,21.8
20190902,16.8
20190930,12.0
20201231,0.3
