DATE,CLOSE
19500228,58.9000
19500331,58.9000
19500501,58.8000
19500531,59.2000
19500630,59.1000
19500731,59.4000
19500831,59.1000
19501002,59.5000
19501031,59.2000
19501130,59.4000
19510101,59.3000
19510131,59.2000
19510228,59.1000
19510402,59.1000
19510430,59.8000
19510531,59.1000
19510702,59.4000
19510731,59.0000
19510831,59.4000
19511001,59.2000
19511031,59.1000
19511130,59.4000
19511231,59.2000
19520131,59.6000
19520229,59.5000
19520331,59.5000
19520430,58.9000
19520602,58.8000
19520630,59.1000
19520731,59.1000
19520901,58.9000
19520930,58.7000
19521031,59.2000
19521201,58.7000
19521231,59.1000
19530202,59.2000
19530302,59.5000
19530331,59.5000
19530430,59.6000
19530601,59.1000
19530630,58.6000
19530731,58.9000
19530831,58.9000
19530930,58.6000
19531102,58.5000
19531130,58.5000
19531231,58.6000
19540201,58.3000
19540301,58.6000
19540331,59.3000
19540430,59.1000
19540531,59.2000
19540630,58.9000
19540802,58.5000
19540831,58.4000
19540930,58.7000
19541101,59.2000
19541130,58.8000
19541231,58.6000
19550131,58.1000
19550228,58.6000
19550331,58.4000
19550502,58.5000
19550531,59.0000
19550630,58.8000
19550801,58.8000
19550831,59.3000
19550930,59.7000
19551031,59.7000
19551130,59.8000
19560102,59.9000
19560131,60.2000
19560229,60.2000
19560402,59.9000
19560430,59.8000
19560531,59.9000
19560702,60.2000
19560731,60.1000
19560831,60.1000
19561001,60.0000
19561031,60.0000
19561130,59.8000
19561231,59.8000
19570131,59.8000
19570228,59.5000
19570401,59.9000
19570430,59.8000
19570531,59.5000
19570701,59.5000
19570731,59.8000
19570902,60.0000
19570930,59.3000
19571031,59.6000
19571202,59.5000
19571231,59.5000
19580131,59.6000
19580228,59.3000
19580331,59.3000
19580430,59.3000
19580602,59.6000
19580630,59.8000
19580731,59.5000
19580901,59.6000
19580930,59.8000
19581031,59.7000
19581201,59.6000
19581231,59.2000
19590202,59.2000
19590302,59.3000
19590331,59.0000
19590430,59.3000
19590601,59.4000
19590630,59.2000
19590731,59.2000
19590831,59.4000
19590930,59.2000
19591102,59.3000
19591130,59.4000
19591231,59.1000
19600201,59.5000
19600229,59.1000
19600331,59.1000
19600502,58.5000
19600531,59.5000
19600630,59.5000
19600801,59.7000
19600831,59.5000
19600930,59.5000
19601031,59.7000
19601130,59.4000
19610102,59.8000
19610131,59.7000
19610228,59.6000
19610331,59.6000
19610501,59.7000
19610531,59.3000
19610630,59.4000
19610731,59.7000
19610831,59.3000
19611002,59.3000
19611031,59.0000
19611130,59.1000
19620101,59.1000
19620131,58.8000
19620228,58.8000
19620402,59.0000
19620430,58.9000
19620531,58.7000
19620702,58.9000
19620731,58.8000
19620831,58.5000
19621001,59.0000
19621031,59.0000
19621130,58.7000
19621231,58.5000
19630131,58.4000
19630228,58.6000
19630401,58.6000
19630430,58.6000
19630531,58.8000
19630701,58.8000
19630731,58.5000
19630902,58.7000
19630930,58.5000
19631031,58.7000
19631202,58.8000
19631231,58.8000
19640131,58.5000
19640302,58.6000
19640331,58.8000
19640430,58.7000
19640601,59.1000
19640630,59.1000
19640731,58.7000
19640831,58.6000
19640930,58.6000
19641102,58.7000
19641130,58.6000
19641231,58.5000
19650201,58.6000
19650301,58.6000
19650331,58.7000
19650430,58.7000
19650531,58.8000
19650630,59.0000
19650802,58.8000
19650831,59.1000
19650930,58.9000
19651101,58.7000
19651130,58.9000
19651231,58.8000
19660131,59.0000
19660228,59.0000
19660331,58.8000
19660502,58.8000
19660531,59.0000
19660630,59.0000
19660801,59.1000
19660831,59.1000
19660930,59.3000
19661031,59.3000
19661130,59.3000
19670102,59.6000
19670131,59.5000
19670228,59.5000
19670331,59.4000
19670501,59.1000
19670531,59.4000
19670630,59.3000
19670731,59.6000
19670831,59.6000
19671002,59.7000
19671031,59.7000
19671130,59.9000
19680101,59.8000
19680131,59.9000
19680229,59.2000
19680401,59.6000
19680430,59.6000
19680531,59.5000
19680701,59.9000
19680731,60.0000
19680902,59.8000
19680930,59.6000
19681031,59.5000
19681202,59.5000
19681231,59.6000
19690131,59.7000
19690228,59.6000
19690331,60.0000
19690430,59.9000
19690602,60.0000
19690630,59.8000
19690731,60.1000
19690901,60.1000
19690930,60.3000
19691031,60.3000
19691201,60.4000
19691231,60.2000
19700202,60.2000
19700302,60.4000
19700331,60.4000
19700430,60.6000
19700601,60.6000
19700630,60.3000
19700731,60.2000
19700831,60.4000
19700930,60.3000
19701102,60.2000
19701130,60.4000
19701231,60.4000
19710201,60.4000
19710301,60.4000
19710331,60.1000
19710430,60.0000
19710531,60.1000
19710630,60.2000
19710802,59.8000
19710831,60.1000
19710930,60.2000
19711101,60.1000
19711130,60.1000
19711231,60.4000
19720131,60.4000
19720229,60.2000
19720331,60.2000
19720501,60.5000
19720531,60.4000
19720630,60.4000
19720731,60.4000
19720831,60.4000
19721002,60.6000
19721031,60.4000
19721130,60.3000
19730101,60.3000
19730131,60.5000
19730228,60.0000
19730402,60.5000
19730430,60.8000
19730531,60.8000
19730702,60.6000
19730731,60.9000
19730831,60.9000
19731001,60.7000
19731031,60.8000
19731130,60.9000
19731231,61.2000
19740131,61.2000
19740228,61.3000
19740401,61.4000
19740430,61.3000
19740531,61.1000
19740701,61.2000
19740731,61.2000
19740902,61.4000
19740930,61.2000
19741031,61.4000
19741202,61.3000
19741231,61.3000
19750131,61.2000
19750228,61.4000
19750331,61.0000
19750430,61.2000
19750602,61.3000
19750630,61.5000
19750731,61.2000
19750901,61.3000
19750930,61.3000
19751031,61.2000
19751201,61.2000
19751231,61.1000
19760202,61.1000
19760301,61.3000
19760331,61.3000
19760430,61.3000
19760531,61.6000
19760630,61.5000
19760802,61.5000
19760831,61.8000
19760930,61.8000
19761101,61.6000
19761130,61.6000
19761231,61.9000
19770131,61.8000
19770228,61.6000
19770331,61.9000
19770502,62.0000
19770531,62.1000
19770630,62.2000
19770801,62.4000
19770831,62.1000
19770930,62.3000
19771031,62.3000
19771130,62.4000
19780102,62.8000
19780131,62.7000
19780228,62.8000
19780331,62.7000
19780501,62.8000
19780531,63.0000
19780630,63.1000
19780731,63.3000
19780831,63.2000
19781002,63.2000
19781031,63.3000
19781130,63.3000
19790101,63.5000
19790131,63.6000
19790228,63.6000
19790402,63.8000
19790430,63.8000
19790531,63.5000
19790702,63.3000
19790731,63.5000
19790831,63.6000
19791001,63.6000
19791031,63.8000
19791130,63.7000
19791231,63.7000
19800131,63.9000
19800229,64.0000
19800331,64.0000
19800430,63.7000
19800602,63.8000
19800630,63.9000
19800731,63.7000
19800901,63.8000
19800930,63.7000
19801031,63.6000
19801201,63.7000
19801231,63.8000
19810202,63.6000
19810302,63.9000
19810331,63.9000
19810430,64.1000
19810601,64.2000
19810630,64.3000
19810731,63.7000
19810831,63.8000
19810930,63.8000
19811102,63.5000
19811130,63.8000
19811231,63.9000
19820201,63.6000
19820301,63.7000
19820331,63.8000
19820430,63.8000
19820531,63.9000
19820630,64.2000
19820802,63.9000
19820831,64.0000
19820930,64.1000
19821101,64.1000
19821130,64.1000
19821231,64.2000
19830131,64.1000
19830228,63.9000
19830331,63.8000
19830502,63.7000
19830531,63.8000
19830630,63.7000
19830801,64.3000
19830831,64.1000
19830930,64.3000
19831031,64.3000
19831130,64.0000
19840102,64.1000
19840131,64.1000
19840229,63.9000
19840402,64.1000
19840430,64.1000
19840531,64.3000
19840702,64.5000
19840731,64.6000
19840831,64.6000
19841001,64.4000
19841031,64.4000
19841130,64.4000
19841231,64.5000
19850131,64.6000
19850228,64.7000
19850401,64.7000
19850430,64.9000
19850531,64.9000
19850701,64.8000
19850731,64.6000
19850902,64.7000
19850930,64.6000
19851031,64.9000
19851202,65.0000
19851231,64.9000
19860131,65.0000
19860228,64.9000
19860331,65.0000
19860430,65.1000
19860602,65.1000
19860630,65.2000
19860731,65.4000
19860901,65.4000
19860930,65.3000
19861031,65.4000
19861201,65.4000
19861231,65.4000
19870202,65.3000
19870302,65.4000
19870331,65.5000
19870430,65.5000
19870601,65.4000
19870630,65.7000
19870731,65.5000
19870831,65.6000
19870930,65.7000
19871102,65.5000
19871130,65.7000
19871231,65.7000
19880201,65.7000
19880229,65.8000
19880331,65.9000
19880502,65.7000
19880531,65.8000
19880630,65.7000
19880801,65.8000
19880831,65.9000
19880930,66.1000
19881031,65.9000
19881130,66.0000
19890102,66.2000
19890131,66.1000
19890228,66.5000
19890331,66.3000
19890501,66.3000
19890531,66.4000
19890630,66.3000
19890731,66.5000
19890831,66.5000
19891002,66.5000
19891031,66.4000
19891130,66.5000
19900101,66.6000
19900131,66.5000
19900228,66.8000
19900402,66.7000
19900430,66.7000
19900531,66.6000
19900702,66.6000
19900731,66.4000
19900831,66.5000
19901001,66.5000
19901031,66.4000
19901130,66.4000
19901231,66.4000
19910131,66.4000
19910228,66.2000
19910401,66.2000
19910430,66.3000
19910531,66.4000
19910701,66.2000
19910731,66.2000
19910902,66.1000
19910930,66.0000
19911031,66.2000
19911202,66.1000
19911231,66.1000
19920131,66.0000
19920302,66.3000
19920331,66.2000
19920430,66.4000
19920601,66.5000
19920630,66.6000
19920731,66.7000
19920831,66.7000
19920930,66.6000
19921102,66.5000
19921130,66.2000
19921231,66.3000
19930201,66.3000
19930301,66.2000
19930331,66.2000
19930430,66.2000
19930531,66.1000
19930630,66.4000
19930802,66.5000
19930831,66.4000
19930930,66.4000
19931101,66.2000
19931130,66.3000
19931231,66.3000
19940131,66.4000
19940228,66.6000
19940331,66.6000
19940502,66.5000
19940531,66.5000
19940630,66.6000
19940801,66.4000
19940831,66.4000
19940930,66.6000
19941031,66.6000
19941130,66.7000
19950102,66.7000
19950131,66.7000
19950228,66.8000
19950331,66.8000
19950501,66.7000
19950531,66.9000
19950630,66.5000
19950731,66.5000
19950831,66.6000
19951002,66.6000
19951031,66.6000
19951130,66.6000
19960101,66.5000
19960131,66.4000
19960229,66.4000
19960401,66.6000
19960430,66.6000
19960531,66.7000
19960701,66.7000
19960731,66.7000
19960902,66.9000
19960930,66.7000
19961031,66.9000
19961202,67.0000
19961231,67.0000
19970131,67.0000
19970228,67.0000
19970331,66.9000
19970430,67.1000
19970602,67.1000
19970630,67.1000
19970731,67.1000
19970901,67.2000
19970930,67.2000
19971031,67.1000
19971201,67.1000
19971231,67.2000
19980202,67.2000
19980302,67.1000
19980331,67.1000
19980430,67.1000
19980601,67.0000
19980630,67.0000
19980731,67.0000
19980831,67.0000
19980930,67.0000
19981102,67.2000
19981130,67.2000
19981231,67.1000
19990201,67.2000
19990301,67.2000
19990331,67.2000
19990430,67.0000
19990531,67.1000
19990630,67.1000
19990802,67.1000
19990831,67.1000
19990930,67.0000
19991101,67.0000
19991130,67.0000
19991231,67.1000
20000131,67.1000
20000229,67.3000
20000331,67.3000
20000501,67.3000
20000531,67.3000
20000630,67.1000
20000731,67.1000
20000831,66.9000
20001002,66.9000
20001031,66.9000
20001130,66.8000
20010101,66.9000
20010131,67.0000
20010228,67.2000
20010402,67.1000
20010430,67.2000
20010531,66.9000
20010702,66.7000
20010731,66.7000
20010831,66.8000
20011001,66.5000
20011031,66.8000
20011130,66.7000
20011231,66.7000
20020131,66.7000
20020228,66.5000
20020401,66.8000
20020430,66.6000
20020531,66.7000
20020701,66.7000
20020731,66.6000
20020902,66.5000
20020930,66.6000
20021031,66.7000
20021202,66.6000
20021231,66.4000
20030131,66.3000
20030228,66.4000
20030331,66.4000
20030430,66.3000
20030602,66.4000
20030630,66.4000
20030731,66.5000
20030901,66.2000
20030930,66.1000
20031031,66.1000
20031201,66.1000
20031231,66.1000
20040202,65.9000
20040301,66.1000
20040331,66.0000
20040430,66.0000
20040531,65.9000
20040630,66.0000
20040802,66.1000
20040831,66.1000
20040930,66.0000
20041101,65.8000
20041130,65.9000
20041231,66.0000
20050131,65.9000
20050228,65.8000
20050331,65.9000
20050502,65.9000
20050531,66.1000
20050630,66.1000
20050801,66.1000
20050831,66.1000
20050930,66.2000
20051031,66.1000
20051130,66.1000
20060102,66.0000
20060131,66.0000
20060228,66.0000
20060331,66.1000
20060501,66.2000
20060531,66.1000
20060630,66.1000
20060731,66.2000
20060831,66.1000
20061002,66.2000
20061031,66.1000
20061130,66.2000
20070101,66.3000
20070131,66.4000
20070228,66.4000
20070402,66.3000
20070430,66.2000
20070531,65.9000
20070702,66.0000
20070731,66.0000
20070831,66.0000
20071001,65.8000
20071031,66.0000
20071130,65.8000
20071231,66.0000
20080131,66.0000
20080229,66.2000
20080331,66.0000
20080430,66.1000
20080602,65.9000
20080630,66.1000
20080731,66.1000
20080901,66.1000
20080930,66.1000
20081031,66.0000
20081201,66.0000
20081231,65.9000
20090202,65.8000
20090302,65.7000
20090331,65.8000
20090430,65.6000
20090601,65.7000
20090630,65.7000
20090731,65.7000
20090831,65.5000
20090930,65.4000
20091102,65.1000
20091130,65.0000
20091231,65.0000
20100201,64.6000
20100301,64.8000
20100331,64.9000
20100430,64.9000
20100531,65.2000
20100630,64.9000
20100802,64.6000
20100831,64.6000
20100930,64.7000
20101101,64.6000
20101130,64.4000
20101231,64.6000
20110131,64.3000
20110228,64.2000
20110331,64.2000
20110502,64.2000
20110531,64.2000
20110630,64.1000
20110801,64.0000
20110831,64.0000
20110930,64.1000
20111031,64.2000
20111130,64.1000
20120102,64.1000
20120131,64.0000
20120229,63.7000
20120402,63.8000
20120430,63.8000
20120531,63.7000
20120702,63.8000
20120731,63.8000
20120831,63.7000
20121001,63.5000
20121031,63.6000
20121130,63.7000
20121231,63.6000
20130131,63.7000
20130228,63.7000
20130401,63.5000
20130430,63.3000
20130531,63.4000
20130701,63.4000
20130731,63.4000
20130902,63.3000
20130930,63.2000
20131031,63.2000
20131202,62.8000
20131231,63.0000
20140131,62.8000
20140228,63.0000
20140331,63.0000
20140430,63.2000
20140602,62.8000
20140630,62.8000
20140731,62.8000
20140901,62.9000
20140930,62.9000
20141031,62.7000
20141201,62.8000
20141231,62.9000
20150202,62.7000
20150302,62.9000
20150331,62.8000
20150430,62.7000
20150601,62.7000
20150630,62.8000
20150731,62.6000
20150831,62.6000
20150930,62.6000
20151102,62.4000
20151130,62.5000
20151231,62.5000
20160201,62.6000
20160229,62.7000
20160331,62.9000
20160502,63.0000
20160531,62.8000
20160630,62.6000
20160801,62.7000
20160831,62.8000
20160930,62.8000
20161031,62.9000
20161130,62.8000
20170102,62.6000
20170131,62.7000
20170228,62.9000
20170331,63.0000
20170501,63.0000
20170531,62.9000
20170630,62.7000
20170731,62.8000
20170831,62.9000
20171002,62.9000
20171031,63.1000
20171130,62.7000
20180101,62.7000
20180131,62.7000
20180228,62.7000
20180402,63.0000
20180430,62.9000
20180531,62.8000
20180702,62.8000
20180731,62.9000
20180831,62.9000
20181001,62.7000
20181031,62.7000
20181130,62.9000
20181231,62.9000
20190131,63.1000
20190228,63.2000
20190401,63.2000
20190430,63.0000
20190531,62.8000
20190701,62.8000
20190731,62.9000
20190902,63.0000
20191130,63.200020191231,63.200020200131,63.400020200229,63.4000